# time_axis
1000000 10000000 20000000 30000000 40000000 50000000 60000000 70000000 80000000 90000000 100000000 110000000 120000000 130000000 140000000 150000000 160000000 170000000 180000000 190000000 200000000 210000000 220000000 230000000 240000000 250000000 260000000 270000000 280000000 290000000 300000000 310000000 320000000 330000000 340000000 350000000 360000000 370000000 380000000 390000000 400000000 410000000 420000000 430000000 440000000 450000000 460000000 470000000 480000000 490000000 500000000 510000000 520000000 530000000 540000000 550000000 560000000 570000000 580000000 590000000 600000000 610000000 620000000 630000000 640000000 650000000 660000000 670000000 680000000 690000000 700000000 710000000 720000000 730000000 740000000 750000000 760000000 770000000 780000000 790000000 800000000 810000000 820000000 830000000 840000000 850000000 860000000 870000000 880000000 890000000 900000000 910000000 920000000 930000000 940000000 950000000 960000000 970000000 980000000 990000000 1000000000 1010000000 1020000000 1030000000 1040000000 1050000000 1060000000 1070000000 1080000000 1100000000 1200000000 1400000000 1600000000 1800000000 2000000000 2300000000 2600000000 2900000000 3000000000 3200000000 3500000000 3800000000 4000000000 4100000000 4500000000 5000000000 6000000000 7000000000 8000000000 9000000000 10000000000 11000000000 12000000000 13000000000 14000000000 
# SNIa_energy_release_list
0 0.0 0.0 0.0 0.0 0.0 2.1349397865824605e+53 1.0509036194362989e+55 4.261517222824422e+55 8.315787705120462e+55 1.2530930524334755e+56 1.65672431013956e+56 2.029058571905028e+56 2.3674944627630545e+56 2.6742036438147943e+56 2.9529472278877014e+56 3.2076269839982976e+56 3.441735858424727e+56 3.6582209979226e+56 3.85951279843334e+56 4.047602088700054e+56 4.224124447597541e+56 4.3904326581281885e+56 4.54765537489182e+56 4.696743801955316e+56 4.83850578754305e+56 4.973633299197228e+56 5.102725521194303e+56 5.226301365956149e+56 5.344814200992501e+56 5.458666227686173e+56 5.568221237871728e+56 5.673788413709656e+56 5.775627627956944e+56 5.8740135176684585e+56 5.969172595731625e+56 6.061310148580861e+56 6.150606836184592e+56 6.237235741881845e+56 6.321367149467721e+56 6.403127253807992e+56 6.482649038963895e+56 6.560050586062536e+56 6.635439300024439e+56 6.708920721359528e+56 6.780588910582383e+56 6.850531811685598e+56 6.918826300793056e+56 6.98555033057971e+56 7.050787913230959e+56 7.11459228501382e+56 7.177021704718508e+56 7.238137365090847e+56 7.297997818577992e+56 7.356648191468946e+56 7.414138877196211e+56 7.4705125683433015e+56 7.525797230270345e+56 7.58004273553997e+56 7.633338973391475e+56 7.6856769019264685e+56 7.737097596177189e+56 7.7876067444237006e+56 7.837236058607015e+56 7.88603826205607e+56 7.934035456488092e+56 7.981249272306967e+56 8.027713239648098e+56 8.073447866381234e+56 8.118472016619264e+56 8.16280984282666e+56 8.206486181793558e+56 8.24951066135683e+56 8.291902069721454e+56 8.333697518426215e+56 8.374901156939636e+56 8.415526906146457e+56 8.455593960288034e+56 8.495116195468003e+56 8.534107618205432e+56 8.572583275651382e+56 8.610553094699771e+56 8.648027663039164e+56 8.685039994724795e+56 8.721585185007656e+56 8.757675870967073e+56 8.793323029157105e+56 8.82854222175089e+56 8.863341080537996e+56 8.897717378805605e+56 8.93169224533806e+56 8.965273067080233e+56 8.998461905884235e+56 9.031298817691905e+56 9.063777554975957e+56 9.095887222603668e+56 9.12764610316834e+56 9.159063693017634e+56 9.190145003701137e+56 9.220891157222082e+56 9.251315154422415e+56 9.281416995521947e+56 9.311214030904658e+56 9.340721504044661e+56 9.369928547862555e+56 9.398846625376043e+56 9.42748116961594e+56 9.455830472004904e+56 9.483903794468648e+56 9.539254040467353e+56 9.801246836638407e+56 1.0263553540912229e+57 1.0662359226904419e+57 1.1013009786345196e+57 1.1325927557303494e+57 1.1740040855123831e+57 1.2102479238913928e+57 1.2424719321112783e+57 1.2524688446050344e+57 1.2714794737844374e+57 1.2978546076212167e+57 1.3220387747022063e+57 1.3371125064000913e+57 1.3443653771017208e+57 1.3716960422643455e+57 1.402601437760723e+57 1.4560304827139071e+57 1.5011463618932605e+57 1.5401982386389516e+57 1.5746271477089923e+57 1.605394544697108e+57 1.633238059404107e+57 1.6586403690849186e+57 1.6820011193849435e+57 1.7036251752098346e+57 
# SNII_energy_release_list
0 0.0 4.907102058108599e+53 2.4009961806648186e+55 9.076155489660135e+55 1.591639309234578e+56 2.175646232953772e+56 2.600786449506146e+56 2.837977815493292e+56 2.9647282832856322e+56 3.029296269991582e+56 3.060939762433637e+56 3.0759949715703378e+56 3.082997008625368e+56 3.086207977088798e+56 3.0876704844792127e+56 3.0883380796238997e+56 3.0886399673131425e+56 3.088786862732496e+56 3.088861438697913e+56 3.0888993072841274e+56 3.088920723279864e+56 3.0889353564313324e+56 3.088946738205534e+56 3.088956429787882e+56 3.0889651373030395e+56 3.088973191787263e+56 3.0889807572278556e+56 3.0889879215797296e+56 3.088994741550579e+56 3.08900125673571e+56 3.0890074967726824e+56 3.089013485884099e+56 3.089019244601743e+56 3.089024791283692e+56 3.0890301435983823e+56 3.0890353164685943e+56 3.089040318734051e+56 3.0890451607140243e+56 3.089049782084127e+56 3.089054402616086e+56 3.089058807485125e+56 3.0890631770605767e+56 3.0890673087502065e+56 3.0890714506348837e+56 3.08907537487339e+56 3.0890793138816466e+56 3.089083051291764e+56 3.0890868072690755e+56 3.0890903754776723e+56 3.0890939661942204e+56 3.0890973801891844e+56 3.0891008207049673e+56 3.089104093101456e+56 3.089107393618851e+56 3.089110534346651e+56 3.0891137016541284e+56 3.0891167221496937e+56 3.0891197641064512e+56 3.0891226642772756e+56 3.089125595960233e+56 3.089128385870309e+56 3.08913120449439e+56 3.089133898997639e+56 3.089136619360922e+56 3.0891392150058865e+56 3.0891418456297175e+56 3.089144361758134e+56 3.0891469024548153e+56 3.0891493311858373e+56 3.089151795139547e+56 3.089154152477221e+56 3.0891565346887545e+56 3.089158813560504e+56 3.089161129196629e+56 3.08916334944437e+56 3.089165594884613e+56 3.089167741694009e+56 3.0891699223374167e+56 3.0891720181137634e+56 3.0891741449903775e+56 3.0891761771408946e+56 3.0891782360919254e+56 3.089180214068007e+56 3.0891822308628454e+56 3.089184165814415e+56 3.089186123571523e+56 3.0891879965990314e+56 3.089189900162262e+56 3.0891917358504134e+56 3.089193610435333e+56 3.0891954042244615e+56 3.0891972181179154e+56 3.089198954668345e+56 3.0892007220006103e+56 3.0892024292815563e+56 3.089204176216792e+56 3.0892058518946833e+56 3.0892075470506297e+56 3.0892091692372755e+56 3.089210817892052e+56 3.0892124076731236e+56 3.0892132367405133e+56 3.089213660869275e+56 3.089213848039845e+56 3.089213848039845e+56 3.089213848039845e+56 3.089213848039845e+56 3.089213848039845e+56 3.089213848039845e+56 3.089213848039845e+56 3.089213848039845e+56 3.089213848039845e+56 3.089213848039845e+56 3.089213848039845e+56 3.089213848039845e+56 3.089213848039845e+56 3.089213848039845e+56 3.089213848039845e+56 3.089213848039845e+56 3.089213848039845e+56 3.089213848039845e+56 3.089213848039845e+56 3.089213848039845e+56 3.089213848039845e+56 3.089213848039845e+56 3.089213848039845e+56 3.089213848039845e+56 3.089213848039845e+56 3.089213848039845e+56 3.089213848039845e+56 3.089213848039845e+56 3.089213848039845e+56 3.089213848039845e+56 3.089213848039845e+56 
# SN_energy_per_current_crossing_time_list
0.0 0.0 9.103491395022282e+53 2.5945571772087306e+55 7.164576935735115e+55 7.462801163273284e+55 6.560628774232765e+55 4.963463848781538e+55 2.958739485687712e+55 1.721187739745725e+55 9.914639714570677e+54 5.852882929388073e+54 3.673997482003635e+54 2.5189187250835802e+54 1.898611451310335e+54 1.5497879029576062e+54 1.3384497012079598e+54 1.1971546699282036e+54 1.0960149200614657e+54 1.0163640912871744e+54 9.502260469606987e+53 8.940808640931287e+53 8.453044824063975e+53 8.021018269663085e+53 7.634281802729596e+53 7.285316762610637e+53 6.968435793970866e+53 6.679304755210589e+53 6.414205841216782e+53 6.170135767460358e+53 5.944779796812417e+53 5.736439967280696e+53 5.542529704595133e+53 5.360695174248486e+53 5.191901076286425e+53 5.033760241872285e+53 4.8853099658856945e+53 4.745400541512755e+53 4.613726233052544e+53 4.490129292077669e+53 4.372780527849681e+53 4.261475117425567e+53 4.156071320275261e+53 4.055507295950573e+53 3.96038339090053e+53 3.869459885986943e+53 3.783105589749119e+53 3.7001320108120653e+53 3.621255271795311e+53 3.546230516360455e+53 3.474028592220156e+53 3.404332439313685e+53 3.337943557202364e+53 3.2741367351662513e+53 3.2127921931881724e+53 3.15366190309542e+53 3.0968500835878257e+53 3.0410860820101623e+53 2.988082996404956e+53 2.9395347878131794e+53 2.8905504946571112e+53 2.8433935549810856e+53 2.7965910575126164e+53 2.7511326512101993e+53 2.708666361461115e+53 2.6670394765956882e+53 2.6266683381332445e+53 2.587802619382452e+53 2.5501629025613568e+53 2.5132294261022015e+53 2.4777113845519678e+53 2.4432568668923355e+53 2.4094415592095983e+53 2.3763712296429176e+53 2.3454540328382e+53 2.3144714281827387e+53 2.2843714299464948e+53 2.255082216480857e+53 2.2266652748138164e+53 2.1987536028603114e+53 2.1717858752069902e+53 2.145126743852166e+53 2.1191824718086167e+53 2.094851268035255e+53 2.070333569865039e+53 2.0462812531205454e+53 2.0229553400968028e+53 2.000304820630517e+53 1.978202173275453e+53 1.9557357129589376e+53 1.9345639339199586e+53 1.9135799335174164e+53 1.892825522232788e+53 1.8741704324482415e+53 1.8552795031987451e+53 1.8355590235813332e+53 1.8169727212832306e+53 1.7987152692420569e+53 1.7808467527902794e+53 1.7628711748883017e+53 1.7457659395536678e+53 1.728491774266119e+53 1.7110750726424736e+53 1.6950257913362816e+53 1.678573884153592e+53 1.662828287448667e+53 1.6476585484377883e+53 1.6323692165910189e+53 1.617589993802188e+53 1.5967692842623708e+53 1.5211063641427217e+53 1.3568865562059391e+53 1.1814336093070466e+53 1.0472634688724734e+53 9.41236894771922e+52 8.380603338565801e+52 7.39298122810819e+52 6.618368778247638e+52 6.173071710221123e+52 5.892536953877206e+52 5.480094434166145e+52 5.048740726494514e+52 4.7341847731855397e+52 4.561768786192903e+52 4.319959245563416e+52 3.9292378519869975e+52 3.427531413211106e+52 2.91529808968536e+52 2.5395431776089787e+52 2.2520458008972786e+52 2.0237008388879795e+52 1.8401677334645174e+52 1.6867538826538035e+52 1.5579652509442556e+52 1.447859389964925e+52 
# SN_energy_per_final_crossing_time_list
0.0 0.0 8.761592613808878e+53 4.199344107133476e+55 1.191844510367357e+56 1.2213191114979249e+56 1.0428827735587763e+56 7.65978033808056e+55 4.450003130276315e+55 2.5345773255749934e+55 1.4350853167275743e+55 8.352472784041694e+54 5.181095646198508e+54 3.516238233061822e+54 2.6269166530322046e+54 2.1274839505933092e+54 1.824431319228668e+54 1.621400226521947e+54 1.4757250702059962e+54 1.3610840300128063e+54 1.2661312828261874e+54 1.185746187604488e+54 1.1161453063494026e+54 1.0547319808690681e+54 9.999662818582693e+53 9.507356860972699e+53 9.061973316242829e+53 8.657001527272954e+53 8.286931059835372e+53 7.947317499822217e+53 7.6347044161250974e+53 7.34650228112724e+53 7.0790449833927e+53 6.82902437458745e+53 6.5974251313125595e+53 6.381023822436451e+53 6.178394308108035e+53 5.987876838431774e+53 5.808966754643405e+53 5.641350476891682e+53 5.482576098083981e+53 5.332322226618824e+53 5.190296638276954e+53 5.055100722501048e+53 4.9274143192214e+53 4.8056190191515855e+53 4.6901270702442024e+53 4.579396112729159e+53 4.4742776547979626e+53 4.374415902123688e+53 4.278494082101659e+53 4.186117312448467e+53 4.0982006494904665e+53 4.013856893361432e+53 3.932884996527809e+53 3.8549517275462076e+53 3.7802097423094818e+53 3.707030615242786e+53 3.6374912037356585e+53 3.57367893595804e+53 3.5095706815538866e+53 3.4479032462667436e+53 3.386921078236364e+53 3.3277893282076212e+53 3.272455508888487e+53 3.2183326747554722e+53 3.16594326313668e+53 3.115532008712122e+53 3.0667421754922605e+53 3.0189716267704892e+53 2.973081033120215e+53 2.928600158620979e+53 2.884998699360727e+53 2.8424262979113667e+53 2.8025888900120636e+53 2.762793356031594e+53 2.7241452044672264e+53 2.686561136111962e+53 2.6501426705524227e+53 2.614450085064362e+53 2.5799720547649674e+53 2.545934027170312e+53 2.512821893235068e+53 2.481727814762871e+53 2.4505192248573774e+53 2.4199413216024947e+53 2.3902852136777496e+53 2.3614790828242677e+53 2.3333897510956397e+53 2.3049756159524806e+53 2.2781668191275682e+53 2.251638912144997e+53 2.225429214818544e+53 2.201727509999005e+53 2.177800552093441e+53 2.1529819182449072e+53 2.129565436544316e+53 2.1065867600467068e+53 2.0841056440062353e+53 2.0615345887326986e+53 2.0400115620627917e+53 2.0183361729160905e+53 1.996569365544226e+53 1.976458433188521e+53 1.955919812876143e+53 1.9362376053173114e+53 1.9172533631446068e+53 1.8981547215370887e+53 1.8796762210481847e+53 1.853014394132032e+53 1.7541978854992944e+53 1.5477094312160498e+53 1.3351208531623802e+53 1.1739072197972023e+53 1.0475854683267483e+53 9.242450963158309e+52 8.089136492303302e+52 7.19196455115837e+52 6.693528606265801e+52 6.364374516378794e+52 5.886574577929941e+52 5.39758031213613e+52 5.046380789369425e+52 4.856229115662585e+52 4.5748772235573405e+52 4.1386007724324044e+52 3.5773929302973044e+52 3.0207769456067385e+52 2.61475584875785e+52 2.3052206157333035e+52 2.0600605637885027e+52 1.8642892223643983e+52 1.7008359993145743e+52 1.5641414336148743e+52 1.447859389964925e+52 
# total_energy_release_list
0 0 4.907102058108599e+53 2.4009961806648186e+55 9.076155489660135e+55 1.591639309234578e+56 2.1777811727403547e+56 2.705876811449776e+56 3.2641295377757343e+56 3.7963070537976785e+56 4.2823893224250575e+56 4.7176640725731965e+56 5.105053543475366e+56 5.450491471388423e+56 5.760411620903592e+56 6.0406177123669145e+56 6.295965063622197e+56 6.5303758257378695e+56 6.747007860655096e+56 6.948374237131253e+56 7.136501395984182e+56 7.3130451708774055e+56 7.4793680145595205e+56 7.636602113097355e+56 7.785700231743198e+56 7.92747092484609e+56 8.062606490984492e+56 8.19170627842216e+56 8.31528928753588e+56 8.43380894254308e+56 8.547667484421882e+56 8.65722873464441e+56 8.762801899593754e+56 8.864646872558688e+56 8.963038308952152e+56 9.058202739330008e+56 9.150345465049456e+56 9.239647154918643e+56 9.32628090259587e+56 9.410416931551847e+56 9.492181656424077e+56 9.57170784644902e+56 9.649113763123112e+56 9.724506608774646e+56 9.797992171994412e+56 9.869664285455774e+56 9.939611125567245e+56 1.000790935208482e+57 1.0074637137848785e+57 1.0139878288708631e+57 1.020368625120804e+57 1.0266119084907692e+57 1.0327238185795815e+57 1.0387101911679448e+57 1.0445755585087797e+57 1.0503249411542862e+57 1.055962626999743e+57 1.0614913952420039e+57 1.066916249964642e+57 1.072246163766875e+57 1.0774802497886702e+57 1.0826225982047499e+57 1.087673794891809e+57 1.0926369957604654e+57 1.0975174881416992e+57 1.102317467149398e+57 1.1070391117936684e+57 1.1116857601406232e+57 1.116259476883605e+57 1.1207621347805101e+57 1.1251961637966207e+57 1.129564033427078e+57 1.1338667196045585e+57 1.1381060883281958e+57 1.1422858647622843e+57 1.1464064506384006e+57 1.150469250103107e+57 1.1544761701982043e+57 1.158428611780542e+57 1.1623279636319195e+57 1.166175742064176e+57 1.1699729271840666e+57 1.173720589913109e+57 1.1774220208792803e+57 1.1810767415870501e+57 1.1846860036781488e+57 1.1882509152728628e+57 1.191773021834992e+57 1.1952530980700258e+57 1.1986909114656018e+57 1.2020885855773393e+57 1.2054468471304695e+57 1.208765912400215e+57 1.2120497772360251e+57 1.2152978276976567e+57 1.2185089651885224e+57 1.2216850279385133e+57 1.2248269544912317e+57 1.2279352550751767e+57 1.2310100326459359e+57 1.2340525972314467e+57 1.2370629403195071e+57 1.2400427267645171e+57 1.2429935164913936e+57 1.24591423959024e+57 1.2488060473415888e+57 1.2516695017655786e+57 1.254504432004475e+57 1.2573117642508494e+57 1.2628467888507199e+57 1.2890460684678252e+57 1.3352767388952074e+57 1.3751573074944264e+57 1.4102223634385041e+57 1.441514140534334e+57 1.4829254703163677e+57 1.5191693086953774e+57 1.5513933169152629e+57 1.561390229409019e+57 1.580400858588422e+57 1.6067759924252013e+57 1.6309601595061908e+57 1.646033891204076e+57 1.6532867619057052e+57 1.68061742706833e+57 1.7115228225647074e+57 1.7649518675178916e+57 1.810067746697245e+57 1.849119623442936e+57 1.883548532512977e+57 1.9143159295010927e+57 1.9421594442080914e+57 1.967561753888903e+57 1.990922504188928e+57 2.012546560013819e+57 
# binding_energy_list
9.705099672454938e+54 9.705099672454938e+54 9.705099672454938e+54 9.660508789898121e+54 9.594006315159316e+54 9.506047936562848e+54 9.440608762859264e+54 9.37562006925883e+54 9.332543007969886e+54 9.289663867799439e+54 9.246981739382249e+54 9.204495717531684e+54 9.18332596483583e+54 9.162204901220067e+54 9.141132414702472e+54 9.120108393559115e+54 9.099132726322583e+54 9.078205301781824e+54 9.057326008982017e+54 9.036494737223079e+54 9.036494737223079e+54 9.015711376059534e+54 8.994975815300365e+54 8.994975815300365e+54 8.974287945007545e+54 8.974287945007545e+54 8.9536476554959e+54 8.9536476554959e+54 8.933054837332963e+54 8.933054837332963e+54 8.912509381337514e+54 8.912509381337514e+54 8.912509381337514e+54 8.892011178579445e+54 8.892011178579445e+54 8.871560120379617e+54 8.871560120379617e+54 8.871560120379617e+54 8.85115609830841e+54 8.85115609830841e+54 8.85115609830841e+54 8.830799004185586e+54 8.830799004185586e+54 8.830799004185586e+54 8.810488730080146e+54 8.810488730080146e+54 8.810488730080146e+54 8.790225168308896e+54 8.790225168308896e+54 8.790225168308896e+54 8.790225168308896e+54 8.770008211436303e+54 8.770008211436303e+54 8.770008211436303e+54 8.770008211436303e+54 8.749837752274363e+54 8.749837752274363e+54 8.749837752274363e+54 8.749837752274363e+54 8.729713683881166e+54 8.729713683881166e+54 8.729713683881166e+54 8.729713683881166e+54 8.729713683881166e+54 8.709635899560761e+54 8.709635899560761e+54 8.709635899560761e+54 8.709635899560761e+54 8.709635899560761e+54 8.68960429286302e+54 8.68960429286302e+54 8.68960429286302e+54 8.68960429286302e+54 8.68960429286302e+54 8.669618757582214e+54 8.669618757582214e+54 8.669618757582214e+54 8.669618757582214e+54 8.669618757582214e+54 8.669618757582214e+54 8.649679187756885e+54 8.649679187756885e+54 8.649679187756885e+54 8.649679187756885e+54 8.649679187756885e+54 8.649679187756885e+54 8.629785477669702e+54 8.629785477669702e+54 8.629785477669702e+54 8.629785477669702e+54 8.629785477669702e+54 8.629785477669702e+54 8.629785477669702e+54 8.609937521846052e+54 8.609937521846052e+54 8.609937521846052e+54 8.609937521846052e+54 8.609937521846052e+54 8.609937521846052e+54 8.609937521846052e+54 8.590135215053907e+54 8.590135215053907e+54 8.590135215053907e+54 8.590135215053907e+54 8.590135215053907e+54 8.590135215053907e+54 8.590135215053907e+54 8.590135215053907e+54 8.570378452303692e+54 8.570378452303692e+54 8.550667128846876e+54 8.51138038202376e+54 8.472274141405911e+54 8.452788451602891e+54 8.413951416451895e+54 8.394599865193965e+54 8.356030182312423e+54 8.336811846196331e+54 8.317637711026743e+54 8.317637711026743e+54 8.298507675144166e+54 8.279421637123327e+54 8.260379495771817e+54 8.260379495771817e+54 8.241381150129963e+54 8.222426499470695e+54 8.184647881347836e+54 8.165823713585906e+54 8.147042840208421e+54 8.128305161640929e+54 8.109610578538388e+54 8.090958991783846e+54 8.072350302488317e+54 8.053784411990643e+54 8.035261221856194e+54 
# total_gas_kinetic_energy_list
2.2659438803473172e+57 1.0475188025180733e+59 2.4510155783366377e+59 1.455297601177918e+59 8.402825460035161e+58 4.5398563866054084e+58 2.3206343250957288e+58 1.1384670961761598e+58 5.419056317766944e+57 2.522399011911698e+57 1.1548445982489507e+57 5.225851415544819e+56 2.348977408339548e+56 1.0558486812917962e+56 4.7985856516598445e+55 2.2481771902334304e+55 1.1209298492790768e+55 6.203787532729712e+54 3.946262035993776e+54 2.8939061881628854e+54 2.3732423437328886e+54 2.0895487730219322e+54 1.9132014948329066e+54 1.789653190747063e+54 1.693138297410086e+54 1.6107668191585627e+54 1.5367888016024082e+54 1.4705420154487423e+54 1.4108830845692329e+54 1.35505157901193e+54 1.3049775314544852e+54 1.2555579107625268e+54 1.2160209584966255e+54 1.1678076048066688e+54 1.147752456229658e+54 1.0685091861327674e+54 1.1252768299052744e+54 9.848140292301297e+53 1.192293477643552e+54 9.226473281073135e+53 1.4191368436837726e+54 8.682916552931044e+53 2.0421091751145304e+54 8.2030637334212e+53 3.708639945583798e+54 7.770644981241458e+53 8.295499217196113e+54 7.380919070990767e+53 2.15408472700888e+55 7.029522707542989e+53 6.185458466882409e+55 6.694938985776034e+53 1.9123868603592964e+56 6.399436413872079e+53 6.295299855350597e+56 6.147075777719866e+53 2.197816937439818e+57 5.8785082915390755e+53 8.125250147133942e+57 5.627570335884493e+53 3.1500458218129666e+58 5.4429512328129805e+53 1.2888569633012295e+59 5.211786328042741e+53 5.53480019887693e+59 5.059601588173993e+53 2.4800781018658737e+60 4.86583238297678e+53 1.1687562079978414e+61 4.74143235371524e+53 5.713810574089424e+61 4.579317032961569e+53 2.934610989546457e+62 4.490419272774449e+53 1.5564838067981417e+63 4.3201078489267365e+53 8.649763183125504e+63 4.261416021173151e+53 4.970971683342291e+64 4.098197203274957e+53 2.96042794267148e+65 4.0290050482808416e+53 1.8412856327366824e+66 3.937406807217916e+53 1.170165566932723e+67 3.799440666015309e+53 7.802153218193565e+67 3.774603795565078e+53 5.358214794127199e+68 3.65001461917067e+53 3.750920885147728e+69 3.541640944655808e+53 2.7657586365526784e+70 3.5293093951386725e+53 2.0884717949272489e+71 3.4323273397103615e+53 1.6010502779259651e+72 3.31559732288545e+53 1.2902490936782768e+73 3.292150504361069e+53 1.0681420013821499e+74 5.913791745206341e+53 8.923270274802479e+74 1.0932851430044213e+54 2.9282296714959566e+75 1.5840801923619565e+54 6.1010293226289655e+75 2.0746681919641055e+54 9.366251223431242e+75 2.7953864919904323e+54 1.1444698492961921e+76 4.497018106435531e+75 9.852774750285371e+75 8.81776249364424e+75 9.490804542446363e+75 9.577960325972062e+75 9.805164744068671e+75 9.9249094756959e+75 1.0038070796675151e+76 1.0041544101528922e+76 1.008184520318963e+76 1.0139305572662767e+76 1.0185286638165062e+76 1.021188878361286e+76 1.0200417308823061e+76 1.0237708499237818e+76 1.0248729504055193e+76 1.030201444946138e+76 1.0330771029267171e+76 1.0355564127164215e+76 1.0377538331621155e+76 1.0397885608534023e+76 1.0413564213515935e+76 1.0429422942784916e+76 1.0443542288238991e+76 
