# time_axis
1000000 10000000 20000000 30000000 40000000 50000000 60000000 70000000 80000000 90000000 100000000 110000000 120000000 130000000 140000000 150000000 160000000 170000000 180000000 190000000 200000000 210000000 220000000 230000000 240000000 250000000 260000000 270000000 280000000 290000000 300000000 310000000 320000000 330000000 340000000 350000000 360000000 370000000 380000000 390000000 400000000 410000000 420000000 430000000 440000000 450000000 460000000 470000000 480000000 490000000 500000000 510000000 520000000 530000000 540000000 550000000 560000000 570000000 580000000 590000000 600000000 610000000 620000000 630000000 640000000 650000000 660000000 670000000 680000000 690000000 700000000 710000000 720000000 730000000 740000000 750000000 760000000 770000000 780000000 790000000 800000000 810000000 820000000 830000000 840000000 850000000 860000000 870000000 880000000 890000000 900000000 910000000 920000000 930000000 940000000 950000000 960000000 970000000 980000000 990000000 1000000000 1010000000 1020000000 1030000000 1040000000 1050000000 1060000000 1070000000 1080000000 1100000000 1200000000 1400000000 1600000000 1800000000 2000000000 2300000000 2600000000 2900000000 3000000000 3200000000 3500000000 3800000000 4000000000 4100000000 4500000000 5000000000 6000000000 7000000000 8000000000 9000000000 10000000000 11000000000 12000000000 13000000000 14000000000 
# SNIa_energy_release_list
0 0.0 0.0 0.0 0.0 0.0 2.1349397865824605e+53 1.0509036194362989e+55 4.261517222824422e+55 8.789569827779378e+55 1.3862688062544495e+56 1.8961851430214177e+56 2.3808775172697485e+56 2.8289894978281958e+56 3.238451342511867e+56 3.6115999509783305e+56 3.952396566697084e+56 4.2650425926001035e+56 4.553391467656306e+56 4.820764332561131e+56 5.069944485806111e+56 5.303241285670256e+56 5.522569489935866e+56 5.72952384367571e+56 5.925442663792134e+56 6.111457317279517e+56 6.288532261580814e+56 6.457497576148749e+56 6.619070189977322e+56 6.773874073900192e+56 6.922459027729249e+56 7.065318107147348e+56 7.202874812461975e+56 7.335493342938753e+56 7.463529923110209e+56 7.587293759967644e+56 7.707062590572449e+56 7.823081753464018e+56 7.935582528969742e+56 8.044785095444657e+56 8.150869140321053e+56 8.254009072942358e+56 8.35436263246478e+56 8.452074128909116e+56 8.547281557045705e+56 8.640110606093967e+56 8.730678023978261e+56 8.819087395378152e+56 8.905441454580997e+56 8.989844798889761e+56 9.072376370964278e+56 9.153113048979905e+56 9.232133371762084e+56 9.30951231985084e+56 9.385313382363115e+56 9.459600716299026e+56 9.532432129320053e+56 9.603848072579621e+56 9.673912082972508e+56 9.742716594665112e+56 9.810282360802416e+56 9.876653732096957e+56 9.941848408419895e+56 1.0005903132867635e+57 1.0068874570293608e+57 1.013079779433755e+57 1.0191704357391508e+57 1.025163356965761e+57 1.031061502114332e+57 1.0368674934898563e+57 1.0425843339358854e+57 1.0482150933017476e+57 1.0537614761513409e+57 1.0592259296714534e+57 1.0646123360585351e+57 1.0699221576858965e+57 1.075157224583327e+57 1.0803197754137963e+57 1.0854117133839199e+57 1.0904348574041561e+57 1.0953911521931656e+57 1.1002819312855647e+57 1.105108810614878e+57 1.1098750121397601e+57 1.1145810486681494e+57 1.1192283108622495e+57 1.1238181879392396e+57 1.1283525114934514e+57 1.132832384084737e+57 1.1372580519926823e+57 1.1416315765104366e+57 1.1459539758052845e+57 1.1502260465889417e+57 1.154451510824531e+57 1.1586306373081319e+57 1.1627628210500328e+57 1.1668495482713697e+57 1.170892048224402e+57 1.174891058594038e+57 1.178847021127543e+57 1.1827611773315456e+57 1.186633890290185e+57 1.1904669685609546e+57 1.1942620764534735e+57 1.1980188150886071e+57 1.2017382051345496e+57 1.2054208971129024e+57 1.209066997794047e+57 1.2126774269620715e+57 1.2197950479602045e+57 1.2534768681193307e+57 1.3128830945858226e+57 1.364103526118917e+57 1.4091218936507223e+57 1.4492831562341951e+57 1.5024180271424035e+57 1.5489097496746663e+57 1.5902364488222098e+57 1.6030552321441597e+57 1.627432059777026e+57 1.6612481191013565e+57 1.6922496871783297e+57 1.711572320834007e+57 1.7208692753935245e+57 1.7558986212824694e+57 1.795506783388299e+57 1.8639715861657293e+57 1.9217745365768715e+57 1.971806853127203e+57 2.01591073836085e+57 2.055325829403798e+57 2.0909886311271537e+57 2.1235255236045475e+57 2.1534462126973867e+57 2.181142053989769e+57 
# SNII_energy_release_list
0 0.0 4.907102058108599e+53 2.4009961806648186e+55 9.076155489660135e+55 1.7005368642759898e+56 2.4496184615740307e+56 3.047163070185095e+56 3.438352264027505e+56 3.6741507879574e+56 3.8076998195580137e+56 3.8798639798120477e+56 3.9174641901411555e+56 3.936498250643714e+56 3.945913191695707e+56 3.950507495636853e+56 3.952728039165062e+56 3.953794524414408e+56 3.954309723927619e+56 3.954571677179914e+56 3.954707344016852e+56 3.954777823581424e+56 3.954817829327857e+56 3.954844689753022e+56 3.954865086465197e+56 3.954882106889496e+56 3.954897193575729e+56 3.954911036552733e+56 3.954923979735269e+56 3.954936209740747e+56 3.954947838449832e+56 3.954958940067568e+56 3.95496956919218e+56 3.954979769104916e+56 3.954989576160207e+56 3.9549990234671565e+56 3.955008139541521e+56 3.955016945801132e+56 3.955025461963257e+56 3.955033710232643e+56 3.955041708425855e+56 3.955049470972443e+56 3.955057014155711e+56 3.95506434933628e+56 3.955071488983959e+56 3.9550784442817714e+56 3.955085224674622e+56 3.955091734130057e+56 3.955098278701097e+56 3.955104553347245e+56 3.955110807869925e+56 3.955116751850518e+56 3.95512273790844e+56 3.9551284312663015e+56 3.955134169653286e+56 3.955139630675621e+56 3.955145136533874e+56 3.955150382799912e+56 3.9551556705835435e+56 3.955160709073254e+56 3.955165797003816e+56 3.9551706437694335e+56 3.955175537509663e+56 3.95518020962045e+56 3.955184929301026e+56 3.955189432614068e+56 3.9551939900627726e+56 3.955198347086472e+56 3.955202752052439e+56 3.955206960942454e+56 3.955211225214674e+56 3.955215304647643e+56 3.95521943221386e+56 3.955223378938608e+56 3.955227382421157e+56 3.955231218799603e+56 3.9552351050166626e+56 3.95523882200217e+56 3.95524259225308e+56 3.955246210176674e+56 3.955249883561006e+56 3.955253399266238e+56 3.955256961884962e+56 3.955260378656072e+56 3.955263855568311e+56 3.955267193404888e+56 3.95527057837506e+56 3.9552738187398935e+56 3.95527710797181e+56 3.955280271349066e+56 3.955283496822037e+56 3.955286592102307e+56 3.955289729532451e+56 3.95529273379181e+56 3.955295785694555e+56 3.955298724439837e+56 3.955301726023195e+56 3.955304612158524e+56 3.955307541000807e+56 3.955310346510207e+56 3.955313194740387e+56 3.955315934191288e+56 3.955317362303159e+56 3.955318091939493e+56 3.955318413526329e+56 3.955318413526329e+56 3.955318413526329e+56 3.955318413526329e+56 3.955318413526329e+56 3.955318413526329e+56 3.955318413526329e+56 3.955318413526329e+56 3.955318413526329e+56 3.955318413526329e+56 3.955318413526329e+56 3.955318413526329e+56 3.955318413526329e+56 3.955318413526329e+56 3.955318413526329e+56 3.955318413526329e+56 3.955318413526329e+56 3.955318413526329e+56 3.955318413526329e+56 3.955318413526329e+56 3.955318413526329e+56 3.955318413526329e+56 3.955318413526329e+56 3.955318413526329e+56 3.955318413526329e+56 3.955318413526329e+56 3.955318413526329e+56 3.955318413526329e+56 3.955318413526329e+56 3.955318413526329e+56 3.955318413526329e+56 
# SN_energy_per_current_crossing_time_list
0.0 0.0 1.133613763392623e+54 3.2308765926896675e+55 8.307082685900814e+55 9.687195403514647e+55 9.267470145367512e+55 7.611599837736045e+55 5.227805386092982e+55 3.349301850795964e+55 2.05945437662949e+55 1.251512124109882e+55 7.747455907448897e+54 5.03371839922967e+54 3.5126811573011016e+54 2.6582731966386618e+54 2.1614630470552043e+54 1.8555841892146438e+54 1.6535889891402187e+54 1.5103248556618712e+54 1.3989338333227796e+54 1.3077616814881141e+54 1.2311445745650965e+54 1.1650201910678855e+54 1.1065808374379945e+54 1.054284949694845e+54 1.0070673176430778e+54 9.641567560056025e+53 9.249408105614807e+53 8.889331856051243e+53 8.557548304238758e+53 8.251227373677737e+53 7.966748473789462e+53 7.70102925088708e+53 7.453891807415598e+53 7.222838741506339e+53 7.006265948136347e+53 6.802500620524548e+53 6.610875628596747e+53 6.430889732242619e+53 6.260315626541918e+53 6.098937361565976e+53 5.945896139187009e+53 5.800482527494178e+53 5.6624089923979225e+53 5.531027290138179e+53 5.40586381091463e+53 5.286041871955311e+53 5.1722007929297864e+53 5.063536189044809e+53 4.959451422957732e+53 4.858979572063958e+53 4.763314584040021e+53 4.671153019971983e+53 4.582936928401409e+53 4.497676561788262e+53 4.4160203117256e+53 4.335972470230988e+53 4.259929061929658e+53 4.188677451377224e+53 4.118880035522276e+53 4.051036915217329e+53 3.984449096237952e+53 3.919398731374305e+53 3.858021765427481e+53 3.798125854517332e+53 3.7403556190100453e+53 3.684372745919915e+53 3.6304292169738978e+53 3.5774985042939612e+53 3.526622144330675e+53 3.477071150025775e+53 3.428808395485612e+53 3.3815179080391625e+53 3.33683859627093e+53 3.292543320787194e+53 3.2496153597171176e+53 3.207592681222911e+53 3.166976089588765e+53 3.127003562196664e+53 3.0884648832986674e+53 3.0503049254651823e+53 3.0133954762565916e+53 2.978054957312124e+53 2.943254410074021e+53 2.908887375792174e+53 2.875616071360199e+53 2.8431010761273693e+53 2.8115168067442807e+53 2.779683090605485e+53 2.7493576056612438e+53 2.7192704718034262e+53 2.6899074629158947e+53 2.6625363446203626e+53 2.6355760107162176e+53 2.6078766726375134e+53 2.5813241289814774e+53 2.5551782639972334e+53 2.5297068001116073e+53 2.50418780786809e+53 2.479693033902934e+53 2.45512113327502e+53 2.429583361231916e+53 2.4060616387450706e+53 2.3827202803440964e+53 2.3601264950748534e+53 2.3384525210964e+53 2.316813666053137e+53 2.295726298023526e+53 2.2659404718723977e+53 2.1580950341857874e+53 1.924283238023283e+53 1.6746613642981637e+53 1.4839418842441422e+53 1.3333171671501902e+53 1.1868706080975246e+53 1.0467321189285908e+53 9.368776457508869e+52 8.737012502304684e+52 8.340067349167322e+52 7.755477128913758e+52 7.143788907434919e+52 6.698674073632021e+52 6.454498086191736e+52 6.111705606626039e+52 5.558568875280291e+52 4.848200913310521e+52 4.123027150395039e+52 3.591533790138687e+52 3.1845577585579084e+52 2.8617821485876063e+52 2.601775439621397e+52 2.384935176970427e+52 2.2027558509281952e+52 2.0470472310828434e+52 
# SN_energy_per_final_crossing_time_list
0.0 0.0 9.671795920211626e+53 4.63559548967455e+55 1.3156599925371833e+56 1.5628313924695117e+56 1.4765820187093326e+56 1.185357586316488e+56 7.947559478422464e+55 4.982215929998547e+55 3.007186476723458e+55 1.7992284921631845e+55 1.0993367760952524e+55 7.063646334643781e+54 4.8820681346611985e+54 3.6635332335214474e+54 2.9565508629364644e+54 2.5210225329764556e+54 2.232780845064015e+54 2.0278292384602473e+54 1.8684729904225112e+54 1.7382281201245525e+54 1.6289775031919728e+54 1.534929331813612e+54 1.4520898217493961e+54 1.3782209646474065e+54 1.3117649018310316e+54 1.2515801021624918e+54 1.1967620327907297e+54 1.1465926209961356e+54 1.1005089255516016e+54 1.0580841150607773e+54 1.018800229326559e+54 9.822167336036955e+53 9.482733200077407e+53 9.166218341642883e+53 8.870287710722993e+53 8.592532687015123e+53 8.331910852132206e+53 8.087606542987915e+53 7.856618356873332e+53 7.638549505434047e+53 7.4321715201908646e+53 7.236482128158286e+53 7.051016744510945e+53 6.874863308601017e+53 6.707357528137718e+53 6.547318591417936e+53 6.3954761465715525e+53 6.250763439696517e+53 6.112377873890028e+53 5.97910209710859e+53 5.852326265424145e+53 5.730432535061844e+53 5.613897051638648e+53 5.5014680909504155e+53 5.3939468444849215e+53 5.288815390778289e+53 5.188973539332099e+53 5.095390472560602e+53 5.0039301064032565e+53 4.915174999679383e+53 4.828296037906144e+53 4.743603408548096e+53 4.6636295619790675e+53 4.585727853434824e+53 4.510691392574836e+53 4.438058682556031e+53 4.368102547559702e+53 4.299603648426142e+53 4.233819821363779e+53 4.169831501211192e+53 4.107562237477377e+53 4.046650427158822e+53 3.9890763181790005e+53 3.932141847290758e+53 3.87698757244833e+53 3.823056149152396e+53 3.7709699554411453e+53 3.7198229307419385e+53 3.6705228269516067e+53 3.621788267343382e+53 3.574651319711237e+53 3.529515848970278e+53 3.48516540290933e+53 3.441450167043683e+53 3.399128740038359e+53 3.357783162435305e+53 3.3176338358889195e+53 3.2773221658950563e+53 3.2389044793664447e+53 3.200860341323937e+53 3.1637447502244743e+53 3.1290345726705857e+53 3.094879447888822e+53 3.0599602296826377e+53 3.026486386608184e+53 2.9935697068030974e+53 2.9615099827703403e+53 2.9294495006762893e+53 2.8986339257760104e+53 2.8677881091496566e+53 2.8359088082279027e+53 2.8064675683335907e+53 2.777303933683671e+53 2.749065108545064e+53 2.721940936053129e+53 2.6948956793888277e+53 2.6685302509502452e+53 2.6303780055485962e+53 2.4894812172953917e+53 2.195408150153827e+53 1.8928950638799627e+53 1.66369245893265e+53 1.4841939715856868e+53 1.3090965441145209e+53 1.1454277060738238e+53 1.0181757875571403e+53 9.47458307116644e+52 9.008666135404799e+52 8.331343549046898e+52 7.637930597743398e+52 7.140845317626491e+52 6.871538902775986e+52 6.472697899985564e+52 5.855014672497397e+52 5.060351244529265e+52 4.2723154114875475e+52 3.697974507356951e+52 3.2597939594771327e+52 2.9132371221576003e+52 2.635898969443729e+52 2.4048576445377167e+52 2.211489555886856e+52 2.0470472310828434e+52 
# total_energy_release_list
0 0 4.907102058108599e+53 2.4009961806648186e+55 9.076155489660135e+55 1.7005368642759898e+56 2.451753401360613e+56 3.152253432128725e+56 3.8645039863099472e+56 4.553107770735338e+56 5.193968625812463e+56 5.776049122833465e+56 6.298341707410904e+56 6.765487748471909e+56 7.184364534207574e+56 7.562107446615184e+56 7.905124605862146e+56 8.218837117014512e+56 8.507701191583926e+56 8.775336009741045e+56 9.024651829822964e+56 9.25801910925168e+56 9.477387319263723e+56 9.684368533428732e+56 9.880307750257332e+56 1.0066339424169012e+57 1.0243429455156543e+57 1.041240861270148e+57 1.057399416971259e+57 1.072881028364094e+57 1.0877406866179082e+57 1.1020277047214916e+57 1.1157844381654155e+57 1.1290473112043669e+57 1.1418519499270418e+57 1.15422927834348e+57 1.166207073011397e+57 1.1778098699265151e+57 1.1890607990932997e+57 1.19998188056773e+57 1.2105910848746908e+57 1.2209058543914802e+57 1.230941964662049e+57 1.2407138478245395e+57 1.2502353046029663e+57 1.2595189050375738e+57 1.2685763248652884e+57 1.277417912950821e+57 1.2860539733282093e+57 1.2944949352237005e+57 1.3027487178834202e+57 1.3108229800830422e+57 1.3187256109670525e+57 1.326464075111714e+57 1.33404475520164e+57 1.3414740346974646e+57 1.3487577265853927e+57 1.3558998455379534e+57 1.3629067753556052e+57 1.3697877303738367e+57 1.376544815780623e+57 1.383182437586639e+57 1.3897023945929558e+57 1.3961083342488084e+57 1.4024059499594634e+57 1.4085987226951617e+57 1.414689834745428e+57 1.420683191674408e+57 1.4265817773195758e+57 1.4323881895841016e+57 1.4381054564573528e+57 1.4437366237665119e+57 1.449283419372727e+57 1.4547482675653142e+57 1.4601350743006508e+57 1.4654452795658569e+57 1.4706807350849934e+57 1.4758436576140134e+57 1.4809359726092279e+57 1.4859594784218235e+57 1.4909161405492661e+57 1.4958072712121883e+57 1.5006345068033742e+57 1.5054010500053673e+57 1.5101074342249805e+57 1.5147550302027384e+57 1.5193452457767457e+57 1.5238798933674408e+57 1.5283600948819179e+57 1.5327860791275888e+57 1.5371599261926403e+57 1.5414826350155153e+57 1.5457550195421868e+57 1.549980784203712e+57 1.5541602158775873e+57 1.5582926934940164e+57 1.5623797208736893e+57 1.5664225094402543e+57 1.5704218126941186e+57 1.5743780557785636e+57 1.5782924968055842e+57 1.5821654837093138e+57 1.5859987047912705e+57 1.5897938856474227e+57 1.5935506564412402e+57 1.5972700464871825e+57 1.6009527384655354e+57 1.60459883914668e+57 1.6082092683147044e+57 1.6153268893128376e+57 1.6490087094719636e+57 1.7084149359384557e+57 1.75963536747155e+57 1.8046537350033552e+57 1.8448149975868282e+57 1.8979498684950364e+57 1.9444415910272992e+57 1.9857682901748427e+57 1.9985870734967926e+57 2.022963901129659e+57 2.0567799604539894e+57 2.0877815285309627e+57 2.10710416218664e+57 2.1164011167461574e+57 2.1514304626351024e+57 2.191038624740932e+57 2.2595034275183622e+57 2.3173063779295044e+57 2.367338694479836e+57 2.411442579713483e+57 2.4508576707564308e+57 2.4865204724797866e+57 2.5190573649571804e+57 2.5489780540500197e+57 2.576673895342402e+57 
# binding_energy_list
9.72747223776964e+54 9.72747223776964e+54 9.72747223776964e+54 9.682778562612426e+54 9.61612278383658e+54 9.54992586021429e+54 9.46237161365791e+54 9.397233105646356e+54 9.354056741475445e+54 9.311078754678329e+54 9.268298233793465e+54 9.225714271547704e+54 9.204495717531684e+54 9.162204901220067e+54 9.141132414702472e+54 9.120108393559115e+54 9.099132726322583e+54 9.078205301781824e+54 9.078205301781824e+54 9.057326008982017e+54 9.036494737223079e+54 9.015711376059534e+54 9.015711376059534e+54 8.994975815300365e+54 8.994975815300365e+54 8.974287945007545e+54 8.9536476554959e+54 8.9536476554959e+54 8.933054837332963e+54 8.933054837332963e+54 8.933054837332963e+54 8.912509381337514e+54 8.912509381337514e+54 8.892011178579445e+54 8.892011178579445e+54 8.892011178579445e+54 8.871560120379617e+54 8.871560120379617e+54 8.85115609830841e+54 8.85115609830841e+54 8.85115609830841e+54 8.830799004185586e+54 8.830799004185586e+54 8.830799004185586e+54 8.810488730080146e+54 8.810488730080146e+54 8.810488730080146e+54 8.810488730080146e+54 8.790225168308896e+54 8.790225168308896e+54 8.790225168308896e+54 8.790225168308896e+54 8.770008211436303e+54 8.770008211436303e+54 8.770008211436303e+54 8.749837752274363e+54 8.749837752274363e+54 8.749837752274363e+54 8.749837752274363e+54 8.749837752274363e+54 8.729713683881166e+54 8.729713683881166e+54 8.729713683881166e+54 8.729713683881166e+54 8.709635899560761e+54 8.709635899560761e+54 8.709635899560761e+54 8.709635899560761e+54 8.709635899560761e+54 8.68960429286302e+54 8.68960429286302e+54 8.68960429286302e+54 8.68960429286302e+54 8.68960429286302e+54 8.68960429286302e+54 8.669618757582214e+54 8.669618757582214e+54 8.669618757582214e+54 8.669618757582214e+54 8.669618757582214e+54 8.649679187756885e+54 8.649679187756885e+54 8.649679187756885e+54 8.649679187756885e+54 8.649679187756885e+54 8.649679187756885e+54 8.649679187756885e+54 8.629785477669702e+54 8.629785477669702e+54 8.629785477669702e+54 8.629785477669702e+54 8.629785477669702e+54 8.629785477669702e+54 8.609937521846052e+54 8.609937521846052e+54 8.609937521846052e+54 8.609937521846052e+54 8.609937521846052e+54 8.609937521846052e+54 8.609937521846052e+54 8.609937521846052e+54 8.590135215053907e+54 8.590135215053907e+54 8.590135215053907e+54 8.590135215053907e+54 8.590135215053907e+54 8.590135215053907e+54 8.590135215053907e+54 8.570378452303692e+54 8.570378452303692e+54 8.550667128846876e+54 8.51138038202376e+54 8.472274141405911e+54 8.452788451602891e+54 8.413951416451895e+54 8.394599865193965e+54 8.356030182312423e+54 8.336811846196331e+54 8.317637711026743e+54 8.317637711026743e+54 8.298507675144166e+54 8.279421637123327e+54 8.260379495771817e+54 8.260379495771817e+54 8.241381150129963e+54 8.222426499470695e+54 8.184647881347836e+54 8.165823713585906e+54 8.147042840208421e+54 8.128305161640929e+54 8.109610578538388e+54 8.090958991783846e+54 8.072350302488317e+54 8.053784411990643e+54 8.035261221856194e+54 
# total_gas_kinetic_energy_list
2.2659438803473172e+57 1.0475188025180733e+59 2.4510155783366377e+59 1.9455007168451896e+59 1.327423312506008e+59 8.169124766699705e+58 4.680542078408115e+58 2.5468020548172894e+58 1.3331552242844933e+58 6.773103568105502e+57 3.361199854381796e+57 1.6374554309075407e+57 7.865403704564027e+56 3.7425426370631255e+56 1.7748639212257676e+56 8.469938220854803e+55 4.133440407549426e+55 2.1172158339128977e+55 1.179514998027591e+55 7.394133557863973e+54 5.280125465965982e+54 4.2188225681985875e+54 3.644692734295225e+54 3.300525621950638e+54 3.0679646792977e+54 2.8914968665004692e+54 2.7448880287259175e+54 2.6178213254247494e+54 2.5046159145557727e+54 2.401757691470468e+54 2.307470064657345e+54 2.2204113979718193e+54 2.1402799304541816e+54 2.0665194193359766e+54 1.9976768487813003e+54 1.9296094449182915e+54 1.864966115261697e+54 1.8034718423671308e+54 1.747634764139179e+54 1.6884415140669544e+54 1.6437380589125907e+54 1.5807333940577816e+54 1.5625424010328435e+54 1.459356254990396e+54 1.549767979311178e+54 1.358929732677809e+54 1.6489087160044124e+54 1.2890309384884739e+54 1.9508988310842017e+54 1.2263024989682666e+54 2.7256672875250746e+54 1.1683667573289656e+54 4.667251985008969e+54 1.1153388632183678e+54 9.664077200719868e+54 1.0685142732424484e+54 2.3064699951859473e+55 1.0223411834706928e+54 6.076345890584015e+55 9.801253170009256e+53 1.7157069763001116e+56 9.437389950815876e+53 5.143918533492609e+56 9.059186445741004e+53 1.6228979687450062e+57 8.763369531750817e+53 5.3651319705351705e+57 8.437902527215882e+53 1.8593822758041482e+58 8.199028510210773e+53 6.718534443288003e+58 7.927034942649913e+53 2.539580696530054e+59 7.74481014651484e+53 9.97290598442045e+59 7.485238754808884e+53 4.082341039651217e+60 7.333536764529128e+53 1.7367202944486476e+61 7.106178953476207e+53 7.645834433167617e+61 6.937190689785244e+53 3.511150981464416e+62 6.795705272486772e+53 1.6578856721804673e+63 6.576381362809332e+53 8.146434659699452e+63 6.475583323634633e+53 4.1458198321487976e+64 6.3212798231686e+53 2.158585399217205e+65 6.123902243246646e+53 1.1727720401841998e+66 6.04746440382367e+53 6.573774493127062e+66 5.9300064002325395e+53 3.75464062932529e+67 5.739170338575207e+53 2.2305117637116775e+68 5.648977488673949e+53 1.3692208031779446e+69 8.995149561872268e+53 8.542908946491532e+69 1.548379347199e+54 2.4669011855420172e+70 2.180096359391866e+54 4.7165742806311215e+70 2.808689937327257e+54 6.787189854359042e+70 3.736051143856076e+54 7.87531131493508e+70 3.223173132492338e+70 6.753907190049353e+70 6.098797862667234e+70 6.539371805075968e+70 6.602374802580454e+70 6.755456774244571e+70 6.836908724749619e+70 6.913835981319743e+70 6.916125158525787e+70 6.943482554932633e+70 6.982539992096387e+70 7.013764527084118e+70 7.031950231999319e+70 7.024034048839222e+70 7.049319221147954e+70 7.056702722826756e+70 7.092925311391244e+70 7.112470898318942e+70 7.129325208840981e+70 7.144268746604794e+70 7.158092000661395e+70 7.1687683045043e+70 7.179561061877516e+70 7.189174259176009e+70 
