# time_axis
5.999999999999999 7.0 7.30102999566398 7.477121254719661 7.602059991327962 7.698970004336018 7.778151250383643 7.845098040014256 7.903089986991943 7.954242509439324 8.0 8.041392685158224 8.079181246047623 8.113943352306837 8.146128035678238 8.176091259055681 8.204119982655925 8.230448921378272 8.255272505103306 8.278753600952827 8.301029995663981 8.322219294733918 8.342422680822207 8.361727836017593 8.380211241711605 8.397940008672036 8.414973347970816 8.431363764158986 8.447158031342218 8.462397997898956 8.47712125471966 8.491361693834271 8.505149978319904 8.518513939877886 8.531478917042255 8.544068044350274 8.556302500767286 8.568201724066993 8.57978359661681 8.5910646070265 8.60205999132796 8.612783856719735 8.623249290397899 8.633468455579585 8.643452676486186 8.653212513775342 8.662757831681573 8.672097857935718 8.681241237375586 8.690196080028514 8.698970004336019 8.707570176097937 8.716003343634798 8.724275869600788 8.732393759822967 8.740362689494244 8.7481880270062 8.75587485567249 8.763427993562937 8.770852011642143 8.778151250383644 8.785329835010765 8.792391689498254 8.799340549453582 8.806179973983888 8.812913356642854 8.819543935541867 8.826074802700825 8.832508912706235 8.838849090737254 8.845098040014257 8.851258348719075 8.857332496431269 8.863322860120455 8.869231719730976 8.8750612633917 8.88081359228079 8.886490725172482 8.892094602690479 8.897627091290442 8.903089986991942 8.908485018878649 8.913813852383717 8.919078092376072 8.92427928606188 8.929418925714291 8.934498451243567 8.939519252618616 8.944482672150167 8.949390006644911 8.954242509439323 8.959041392321092 8.963787827345556 8.968482948553934 8.973127853599697 8.977723605288848 8.982271233039567 8.986771734266243 8.991226075692493 8.995635194597549 8.999999999999998 9.004321373782641 9.008600171761916 9.012837224705171 9.017033339298779 9.021189299069936 9.02530586526477 9.02938377768521 9.033423755486949 9.041392685158224 9.079181246047623 9.146128035678236 9.204119982655923 9.255272505103305 9.301029995663981 9.361727836017593 9.414973347970816 9.462397997898954 9.477121254719663 9.505149978319904 9.544068044350274 9.57978359661681 9.60205999132796 9.612783856719734 9.653212513775342 9.698970004336017 9.778151250383642 9.845098040014257 9.903089986991944 9.954242509439325 10.0 10.041392685158225 10.079181246047623 10.113943352306835 10.146128035678236 
# total_gas_mass_list
8.8262742455701 10.394492285452369 10.240866748848049 9.755518157233352 9.185049075143326 8.575240308570242 7.944714279013562 7.308955103428165 6.6996353112831954 6.201125599346091 5.9118147779452555 5.7884817078147375 5.730879709705421 5.692766292982147 5.6613411088738 5.6330894243602145 5.607100702503373 5.583007994597514 5.560625152743658 5.539130153327384 5.51904005648901 5.499292263473969 5.481260503252376 5.464419750524677 5.448555870577066 5.432351139557415 5.417397977262071 5.403548069118372 5.39008902241232 5.3769083674058935 5.36318228575301 5.352620392145955 5.341544953725747 5.331021637497928 5.319382270308165 5.30760007816368 5.29845185162776 5.2902620966423335 5.278825471060825 5.271116912693684 5.261556291099918 5.252917258640407 5.245327318172554 5.236197811814399 5.229284197998975 5.220871804293119 5.21354858921415 5.206679821819992 5.198096934559991 5.194501633144538 5.183332467779306 5.178142867332859 5.1705493561623355 5.1621387788422055 5.160066350003076 5.14880796985266 5.140975808153013 5.1406901081107845 5.1289202504256695 5.121039370333363 5.120686863935015 5.11212912423587 5.1023609037772175 5.099988778094019 5.098987892073276 5.086104168153828 5.0789100129669436 5.079198868726598 5.0760232134998535 5.063181103302062 5.057006874136405 5.057618520516899 5.05758292804544 5.043224506053316 5.034689081148012 5.034102263840623 5.036559764276628 5.029424986085494 5.016452215126263 5.010787735822354 5.011469979867681 5.013812342959074 5.007292385809194 4.993198004676675 4.98652047247854 4.986385127172236 4.988742493859893 4.9912934126805615 4.975708893985707 4.963208565413116 4.960489133941194 4.961581670966092 4.964079438336325 4.96646740262008 4.954249958939957 4.939943380714131 4.93471994173881 4.934866210000393 4.937135974127074 4.939402592728963 4.940369121121789 5.234454249975842 5.40353409379881 5.52379991386531 5.617978757067509 5.695672752285575 5.761814822328769 5.819488403835321 5.870088671975943 5.952110389631564 6.21543671898403 6.475280943895058 6.618989207373214 6.716515357464749 6.788033667858622 6.867025558679203 6.926179042588537 6.9724770756857 6.986376068992266 7.0101991038259035 7.041717242686861 7.067345963471211 7.082418313315728 7.088988074138265 7.114164576346858 7.138706108366498 7.176785900219836 7.204646343299582 7.2280194624022265 7.2487754628772745 7.2678609468716155 7.28373220107079 7.29904045546791 7.312813531741139 7.325097568350511 
# ejected_gas_mass_list
-10.0 -10.0 4.356230104330176 5.946080235118942 6.349336176920601 6.544079909921344 6.658120767508429 6.7345261802488325 6.790586078239806 6.835656551798782 6.873464258698531 6.905608237153662 6.933298871550564 6.9574860307888775 6.978893203978048 6.998048793211446 7.015352540947602 7.0311117012679745 7.045567730110881 7.0588927251740206 7.071244828686747 7.0827284086247095 7.093466724713606 7.103551935351665 7.113058558192138 7.122024301666181 7.130514270328382 7.138582490749823 7.1462639626471605 7.153588183960261 7.160568635436188 7.167274868410353 7.173714052283125 7.1799083357169575 7.185855110152871 7.191565567892463 7.197085171253363 7.20243431072597 7.207581844002729 7.21258009266947 7.217414475912055 7.222101975431278 7.226659498751837 7.2310763454855005 7.235380011433332 7.2395600894622545 7.243631412467834 7.247601919364375 7.251459801521084 7.255252326939997 7.258916962957337 7.262507947092502 7.266007999272147 7.269413736287702 7.272776948209691 7.2760292300726475 7.27919985312857 7.282345433793359 7.285385187275878 7.288349714123282 7.291291761128428 7.294157180397341 7.296940707969398 7.2996914905416 7.302418686854743 7.305049884848808 7.307622397670943 7.310181458584739 7.312707047482643 7.315145076007735 7.317535365029096 7.319915911423757 7.322283286672024 7.324561455725945 7.326783743612437 7.328991740035891 7.331201002105146 7.333363355487738 7.3354518268131725 7.337503433062857 7.339548595819553 7.341595155325956 7.343601833911853 7.345535641319814 7.34743156493375 7.349318660889545 7.351207796931705 7.353099807588648 7.354917348980492 7.3566760656204915 7.3584167768591655 7.360154897253295 7.361896054452717 7.363639801536067 7.365328491219812 7.366956231371886 7.368558541656276 7.3701554987813545 7.371754927268775 7.373356810256329 7.374956355776887 7.376499557324326 7.377987484180823 7.379454634956536 7.380918518523344 7.382384540408277 7.383851853545409 7.3853219995811425 7.386777917237281 7.38951649905573 7.402543780009405 7.425069324564816 7.443782052768057 7.459849430329695 7.4736661913938915 7.49117515809087 7.50597718184799 7.518646952785421 7.522644386301207 7.529710116977421 7.539482679997155 7.547794124666055 7.552838023701262 7.5550731436296115 7.563846491047028 7.572720174005479 7.587129214735849 7.5981729459070335 7.60776964451235 7.61654806176911 7.624834321652057 7.6318823700351075 7.638816317159425 7.645169325887995 7.650927167340092 
# stellar_mass_list
-10.0 6.729364232562045 8.306592940343041 8.4727936603634 8.474368999458562 8.453547983466743 8.434808892364922 8.420431334692333 8.409256050146052 8.400193846052131 8.392570128564408 8.38597527460948 8.38015306655585 8.374934585869953 8.370201615398733 8.365869572819863 8.361872495982807 8.358160227962568 8.354692993747667 8.351441825447903 8.348378199722964 8.34548606062398 8.34274286643822 8.34013207142011 8.337640000156865 8.33526181672561 8.332984601138863 8.330797559890568 8.328694135833155 8.326669284760628 8.324717297618504 8.322832358115862 8.321008391820838 8.319238756674315 8.317526459439481 8.315871259057985 8.314261017946588 8.312690613939004 8.311170637442174 8.309686055234607 8.308242035938234 8.306834571918467 8.305458878289857 8.304118603686874 8.30280653208151 8.301526211702056 8.300273295455636 8.299045645701009 8.29784781288306 8.296664890751691 8.295517208514562 8.294386958470179 8.293279002543605 8.29219618789812 8.291121138304298 8.290076440080258 8.289053000410236 8.288032290421413 8.287041681051956 8.286071620827347 8.285103766366477 8.28415712797216 8.283233900848225 8.28231753217824 8.281405063701227 8.280521482293397 8.279654272738066 8.278787791050378 8.277928965589291 8.277097179557632 8.27627870846832 8.275460084674059 8.274642779179825 8.273853851210895 8.273081916551677 8.27231172517995 8.271538145889622 8.27077846438325 8.270042682367157 8.26931734125692 8.268591720609441 8.267862511472421 8.26714532603674 8.26645219845647 8.265770788668663 8.26508976097676 8.264405601767288 8.263717951792588 8.26305566391705 8.262413383951465 8.26177594302406 8.26113729180176 8.260495416234706 8.259850473217405 8.25922415281717 8.258619261564547 8.258022333223856 8.257425677322486 8.256826225107313 8.256223835948242 8.255618609990881 8.255034451674339 8.25447068860275 8.25391302963281 8.253354941325453 8.252794400658438 8.25223157080507 8.25166588545806 8.251104242136627 8.2500453081288 8.244936662898562 8.23577697485437 8.227777141902001 8.220605302003591 8.214198566348967 8.205646403502797 8.19799858871109 8.191128332138858 8.188892706441214 8.184868280949544 8.17902852057012 8.17374030607331 8.17036867959357 8.168825088037773 8.162515216400655 8.155635543656269 8.143121825615571 8.13248723005478 8.123190905500728 8.114651451446472 8.106547431931704 8.099625451141137 8.092692216522883 8.086451850852471 8.080735095840659 
# remnant_mass_list
-10.0 -10.0 5.350746456646564 6.934929978912977 7.247520061407403 7.373808579957294 7.43800329423181 7.4767505859610885 7.503458688044564 7.523680646953642 7.53994074418774 7.553516372895833 7.5651447098890925 7.575294390692354 7.584284596011142 7.592339546746591 7.599628875842869 7.606279416892801 7.612389815683206 7.61803265307729 7.6232749384907175 7.628158081071807 7.632732131149607 7.637034326509699 7.641095345280522 7.6449295041628975 7.648563896390401 7.652020948305816 7.655315403502386 7.658458898477213 7.661463661543893 7.66434163600799 7.667104894958955 7.669765737301092 7.672321581923551 7.674774645525044 7.677145009148932 7.679441810968216 7.681650284916481 7.6837941617175405 7.685866887353559 7.687875353234997 7.6898278300275615 7.691719133059961 7.693561092396746 7.695348687834518 7.69708942367486 7.698786310435157 7.7004340449857445 7.702053543627945 7.703617430225949 7.705150372517155 7.706646616612248 7.708102147358655 7.709541728903745 7.710934181956004 7.712292884828941 7.713642809065323 7.714947508183771 7.7162198006164795 7.717485102542784 7.718717581522641 7.71991514314788 7.721099556266114 7.722275271474474 7.723409127562408 7.7245182386719655 7.725622857414965 7.726714459116731 7.727767570549157 7.728800609096483 7.729830724229081 7.730856496048546 7.731842868490925 7.732805009230526 7.73376220871718 7.734721383494872 7.735660291926288 7.736566796318254 7.737457653344447 7.738346832913217 7.739238192528845 7.7401125063686385 7.740954570857999 7.741780247406595 7.742603388658212 7.74342870617529 7.7442562242391775 7.745050855882374 7.745819010904797 7.746579715908421 7.747340137524112 7.7481030010244805 7.748867790649001 7.749608555351391 7.750321713768087 7.751023947298497 7.751724305203582 7.752426745711267 7.753131219896696 7.753837817769342 7.75451576812488 7.755168486351359 7.755812833532154 7.756456549294619 7.757101948098701 7.757748909274261 7.7583980033524504 7.7590411866643665 7.760248753775043 7.766010631378322 7.77607550108041 7.784595385954608 7.79202913783703 7.798509361595238 7.8069335436285705 7.814257866759576 7.820674381853638 7.822731608692937 7.826390311222637 7.831615811946985 7.8362567329845945 7.839173954089169 7.840496649054764 7.845843370509615 7.851539598350266 7.861583924214403 7.869800506340511 7.876753758426505 7.882964363633656 7.888709669983941 7.893493078871071 7.898189388240027 7.902326590049173 7.906044254165794 
# BH_mass_list
-10.0 -10.0 5.116831946372554 6.6966314294489315 6.92286667849228 6.9770212206527455 6.990498853550142 6.993728767736869 6.994406117989954 6.994485674545511 6.994496624185157 6.994500098609847 6.994501883327223 6.994503226818396 6.9945044034257515 6.99450548117323 6.994506483688026 6.994507423061162 6.994508307868064 6.994509144924872 6.9945099399324615 6.994510696548425 6.994511418959945 6.994512109257229 6.994512771479416 6.994513408512995 6.994514022696035 6.99451461438366 6.994515186044893 6.99451573976242 6.99451627658241 6.994516797354253 6.994517301923644 6.994517794369524 6.994518274415224 6.9945187429683005 6.994519199130154 6.994519643082465 6.994520077780479 6.994520504357514 6.994520919847368 6.994521328027117 6.994522896135914 6.9945232875620595 6.994524798147475 6.994525174789251 6.994526630584533 6.994526994165095 6.994528398151509 6.994528750041499 6.994530104948601 6.994530447106856 6.994531756721063 6.994532086229554 6.99453335785335 6.994533675439041 6.994534916731355 6.994535224715644 6.994536412621441 6.994536714901299 6.99453787028163 6.994538159187935 6.994539292867061 6.994539575905456 6.994540662738406 6.994540937973396 6.994542016394621 6.994542282968555 6.994543312665033 6.99454357503317 6.994544597904813 6.994544850771748 6.994545829818759 6.994546079466839 6.994547059810558 6.9945473013193755 6.994548231320184 6.994548467808441 6.994549401821271 6.994549635775625 6.994550527527734 6.994550751654003 6.994551633232117 6.994551858924167 6.994552732060583 6.994552947289604 6.994553779645616 6.994553991524125 6.994554828147695 6.994555042433866 6.994555854320622 6.994556055187475 6.994556839112809 6.994557039228156 6.99455782965925 6.994558032038105 6.9945588047783875 6.994558995166639 6.994559733925308 6.99455992210036 6.994560664978695 6.994560855129206 6.994560855129206 6.994560855129206 6.994560855129206 6.994560855129206 6.994560855129206 6.994560855129206 6.994560855129206 6.994560855129206 6.994560855129206 6.994560855129206 6.994560855129206 6.994560855129206 6.994560855129206 6.994560855129206 6.994560855129206 6.994560855129206 6.994560855129206 6.994560855129206 6.994560855129206 6.994560855129206 6.994560855129206 6.994560855129206 6.994560855129206 6.994560855129206 6.994560855129206 6.994560855129206 6.994560855129206 6.994560855129206 6.994560855129206 6.994560855129206 6.994560855129206 6.994560855129206 6.994560855129206 
# NS_mass_list
-10.0 -10.0 4.970298930731354 6.560552314784318 6.96889448286805 7.151122551481359 7.243631468619774 7.278735845672746 7.288602097938299 7.291075455583036 7.291644124654231 7.2917678719525645 7.291795824875259 7.2918045816755495 7.291808009518767 7.291810459569444 7.291812577710896 7.291814517654103 7.291816326382939 7.291818026011866 7.291819631298908 7.291821153189199 7.29182260068834 7.291823980751445 7.291825299797237 7.291826564053935 7.29182777888704 7.291828948234104 7.291830075571726 7.291831164491095 7.291832217971769 7.29183323866059 7.291834228034792 7.291835189065442 7.291836124275201 7.291837035567562 7.291837924023751 7.2918387895639665 7.291839633941623 7.2918404594499 7.2918412662020735 7.2918420558965265 7.291843159165871 7.291844196146506 7.291845394548302 7.291846467918934 7.291847612933386 7.291848647376553 7.291849751413802 7.291850749762671 7.291851815683897 7.291852780922298 7.291853812178785 7.291854744968186 7.291855743678264 7.291856646261323 7.2918576161436 7.291858493532706 7.29185942933006 7.291860277964456 7.2918611859366065 7.291862007020462 7.29186289139014 7.291863692605976 7.291864548699402 7.291865324552745 7.291866162505439 7.291866921677721 7.29186773304099 7.2918684689978726 7.291869263829523 7.291869984231257 7.291870755050043 7.291871454398 7.291872212876593 7.291872901127757 7.291873635864783 7.291874301360971 7.291875022820272 7.2918756799635105 7.291876383983618 7.291877020682066 7.291877706502124 7.29187833178647 7.291879010820354 7.291879626302515 7.291880283185611 7.291880878114593 7.291881523936663 7.291882115244473 7.2918827534606985 7.291883330018003 7.291883946117241 7.291884504829105 7.291885113785254 7.291885672020542 7.291886276977665 7.291886823921827 7.291887406729939 7.291887934363189 7.291888507572943 7.2918890325077665 7.291889339713563 7.291889506770443 7.291889561155495 7.291889565374951 7.291889565374951 7.291889565374951 7.291889565374951 7.291889565374951 7.291889565374951 7.291889565374951 7.291889565374951 7.291889565374951 7.291889565374951 7.291889565374951 7.291889565374951 7.291889565374951 7.291889565374951 7.291889565374951 7.291889565374951 7.291889565374951 7.291889565374951 7.291889565374951 7.291889565374951 7.291889565374951 7.291889565374951 7.291889565374951 7.291889565374951 7.291889565374951 7.291889565374951 7.291889565374951 7.291889565374951 7.291889565374951 7.291889565374951 
# WD_mass_list
-10.0 -10.0 -10.0 -10.0 -10.0 3.3403716970548794 5.035099837241142 6.048653724740858 6.409563877519615 6.599262546170526 6.7178761989461355 6.8005555854956174 6.862550631250618 6.911443205216448 6.951426496519191 6.98499862987692 7.013781219258003 7.038862861705067 7.061011466314672 7.080767837134168 7.098567070264353 7.1146988321582985 7.129441568134329 7.143001477305399 7.155542554369234 7.167163407041604 7.177990481037158 7.188126106207749 7.197642636593928 7.206598164914236 7.215048235246389 7.223043921674722 7.230633518073966 7.237863193957113 7.244736894427027 7.25127068550776 7.257526564373595 7.263535510685334 7.269265445752998 7.274783795665235 7.2800786338301124 7.285172193159282 7.290088469361184 7.2948196074380744 7.299397087118955 7.3038127526709795 7.308086570338433 7.312229513219438 7.316229695091769 7.320140939816137 7.32389785710939 7.327562685790707 7.331122016103283 7.334568874233555 7.33796201907369 7.341230117321351 7.344404984791381 7.347546756246928 7.350570555545421 7.353508216791753 7.356418199566413 7.35924257332526 7.361976624696658 7.364671612846198 7.3673371931342455 7.3698996191502895 7.372397602533772 7.37487796475398 7.377321047103468 7.379671152830219 7.381969302044362 7.384254682261971 7.3865235529741335 7.388699491525391 7.390815899287264 7.392916224957463 7.395015052332913 7.397064529842072 7.3990379812977505 7.400972971940613 7.402899402810058 7.404826270076409 7.406711538731492 7.408523402259174 7.410295788344856 7.412059197120331 7.413823183190368 7.4155883422367825 7.417279481951491 7.418911214913553 7.42052367076126 7.422132649263375 7.4237434008531915 7.425355333545137 7.4269133706612545 7.428410808584223 7.429882421801988 7.431347768798714 7.432814663485437 7.434283461335336 7.435753865487306 7.437162437949768 7.438516560073468 7.439851272869331 7.441182644036735 7.44251542035998 7.443849313841594 7.445185489546023 7.446507417483994 7.448983757128906 7.460701423885985 7.480795757704842 7.497453829065178 7.5117397827867025 7.52401339058548 7.539730062198367 7.5531853585705955 7.564820016524305 7.5685209712722115 7.575068695775978 7.584345919473491 7.592513741891082 7.597614315064043 7.599918557784506 7.609180510251001 7.618957469138846 7.635978907236743 7.649704469065406 7.661186314749399 7.6713423097114815 7.680656511464021 7.688353667701873 7.6958610285728595 7.702434795155391 7.708310781754646 
