# time_axis
1000000 10000000 20000000 30000000 40000000 50000000 60000000 70000000 80000000 90000000 100000000 110000000 120000000 130000000 140000000 150000000 160000000 170000000 180000000 190000000 200000000 210000000 220000000 230000000 240000000 250000000 260000000 270000000 280000000 290000000 300000000 310000000 320000000 330000000 340000000 350000000 360000000 370000000 380000000 390000000 400000000 410000000 420000000 430000000 440000000 450000000 460000000 470000000 480000000 490000000 500000000 510000000 520000000 530000000 540000000 550000000 560000000 570000000 580000000 590000000 600000000 610000000 620000000 630000000 640000000 650000000 660000000 670000000 680000000 690000000 700000000 710000000 720000000 730000000 740000000 750000000 760000000 770000000 780000000 790000000 800000000 810000000 820000000 830000000 840000000 850000000 860000000 870000000 880000000 890000000 900000000 910000000 920000000 930000000 940000000 950000000 960000000 970000000 980000000 990000000 1000000000 1010000000 1020000000 1030000000 1040000000 1050000000 1060000000 1070000000 1080000000 1100000000 1200000000 1400000000 1600000000 1800000000 2000000000 2300000000 2600000000 2900000000 3000000000 3200000000 3500000000 3800000000 4000000000 4100000000 4500000000 5000000000 6000000000 7000000000 8000000000 9000000000 10000000000 11000000000 12000000000 13000000000 14000000000 
# SNIa_energy_release_list
0 0.0 0.0 0.0 0.0 0.0 6.1698070721289726e+53 2.518580910778946e+55 6.70121877113068e+55 1.1136418100324696e+56 1.522342833040492e+56 1.8853978178279966e+56 2.207378054668928e+56 2.4953667185397427e+56 2.7555591502635904e+56 2.992808524025828e+56 3.210848993953967e+56 3.412578341917236e+56 3.60028414398031e+56 3.775801848158436e+56 3.940626507345819e+56 4.095992627811067e+56 4.242931028359092e+56 4.38231237381992e+56 4.514879328913442e+56 4.641268078759827e+56 4.76203158218844e+56 4.877651284862307e+56 4.988546164877045e+56 5.095087307337568e+56 5.197607862592633e+56 5.296418561649224e+56 5.391741136169316e+56 5.483823986499155e+56 5.5728920944555245e+56 5.6591360640425205e+56 5.742727806268529e+56 5.823811964187444e+56 5.902561590524772e+56 5.979098963658041e+56 6.053538280261066e+56 6.125994420310519e+56 6.1965651373226105e+56 6.2653487508891965e+56 6.33243527010858e+56 6.397906661430182e+56 6.461839049874942e+56 6.524292136150891e+56 6.585354371316402e+56 6.645082176089952e+56 6.703522429994227e+56 6.760726264988862e+56 6.816756948655177e+56 6.871655410407656e+56 6.925468281933337e+56 6.978234214228342e+56 7.0299963408660386e+56 7.080748766336997e+56 7.130620590556183e+56 7.179613017500634e+56 7.22774768865292e+56 7.275037202461362e+56 7.321486723717031e+56 7.367153160749754e+56 7.412076141023606e+56 7.45626482940234e+56 7.499748661893474e+56 7.542553086766444e+56 7.584693418793967e+56 7.626187222061342e+56 7.6670617219174654e+56 7.707334560620159e+56 7.7470034959222366e+56 7.786112511873112e+56 7.824676913937757e+56 7.86269830411156e+56 7.900194662605044e+56 7.937181082486862e+56 7.973671584859803e+56 8.009676226924614e+56 8.045215262069512e+56 8.08027914930154e+56 8.114910900083452e+56 8.149113496636494e+56 8.182888954059314e+56 8.216247228874434e+56 8.249201252582896e+56 8.281769197840892e+56 8.31394244137691e+56 8.345729607217606e+56 8.377158665282607e+56 8.408211127462999e+56 8.438925290109684e+56 8.469323850512885e+56 8.499377583857653e+56 8.529094698467227e+56 8.558490294604735e+56 8.587577067832657e+56 8.616347806307959e+56 8.64481638730317e+56 8.672985559642998e+56 8.700858557672123e+56 8.728467311646557e+56 8.755801164387094e+56 8.782858684652332e+56 8.809653588149536e+56 8.836182510694047e+56 8.862448154618899e+56 8.888463565763144e+56 8.939764602670806e+56 9.18269480991008e+56 9.611732563875016e+56 9.982198143783145e+56 1.0308183607606932e+57 1.0599272654617925e+57 1.0984705299887235e+57 1.1322222146117392e+57 1.1622431584666707e+57 1.1715628981195344e+57 1.1892767261601418e+57 1.2138627340210894e+57 1.2364134506368332e+57 1.2504699348524884e+57 1.2572340529138245e+57 1.2827274943919158e+57 1.311560463513635e+57 1.3614185760824074e+57 1.4035335391137008e+57 1.4399909915258672e+57 1.4721424132434882e+57 1.5008725598286465e+57 1.5268746614121383e+57 1.550600718423776e+57 1.572421545233434e+57 1.5926208412766135e+57 
# SNII_energy_release_list
0 0.0 1.1782459461041429e+54 4.789321599742547e+55 1.1950406459564615e+56 1.847176703385936e+56 2.349380990859043e+56 2.6164890642147446e+56 2.717836182177999e+56 2.750216047289166e+56 2.7596128600299912e+56 2.7622605078239747e+56 2.7629713782676067e+56 2.763249275017624e+56 2.7633347655091094e+56 2.763379542768441e+56 2.763412235835735e+56 2.7634402189659363e+56 2.76346554866749e+56 2.7634889396765224e+56 2.763510743135317e+56 2.763531181947172e+56 2.7635504267990965e+56 2.7635686070982123e+56 2.763585837793868e+56 2.763602221760646e+56 2.7636178479669842e+56 2.7636327827466124e+56 2.7636470870106196e+56 2.763660818204842e+56 2.763674024168766e+56 2.7636867464583266e+56 2.7636990219177417e+56 2.7637108829429837e+56 2.763722360752721e+56 2.763733488756261e+56 2.763744285600897e+56 2.763754761345677e+56 2.7637647775305315e+56 2.763774823732296e+56 2.763784437186399e+56 2.7637939859276544e+56 2.763803031327365e+56 2.7638121220080686e+56 2.7638207485129586e+56 2.7638294310406207e+56 2.763837679811267e+56 2.7638459931788156e+56 2.7638538974336496e+56 2.7638618758142925e+56 2.76386946531152e+56 2.763877143120657e+56 2.7638844498132786e+56 2.7638918315475178e+56 2.763898867099712e+56 2.763905967614948e+56 2.7639127508253466e+56 2.7639196054337485e+56 2.7639261300539495e+56 2.763932749886234e+56 2.7639390600788057e+56 2.7639454326702315e+56 2.7639515333155414e+56 2.763957715217768e+56 2.7639636059359405e+56 2.7639695801492153e+56 2.7639753122662853e+56 2.7639811168071765e+56 2.7639866567720564e+56 2.763992284508358e+56 2.7639976813817923e+56 2.7640031481797748e+56 2.7640083686744634e+56 2.764013676327961e+56 2.7640187820067134e+56 2.764023963243666e+56 2.7640289081508776e+56 2.764033926212989e+56 2.7640387520302687e+56 2.7640436741055823e+56 2.764048381515728e+56 2.7640531485884026e+56 2.7640577170525777e+56 2.7640623867397974e+56 2.7640668850876646e+56 2.7640714494562917e+56 2.76407580677247e+56 2.7640802283715153e+56 2.764084483727334e+56 2.764088856897461e+56 2.764093059911516e+56 2.7640973093377854e+56 2.76410136545282e+56 2.764105486715711e+56 2.7641094618447895e+56 2.7641135549461754e+56 2.764117501211385e+56 2.764121496820257e+56 2.764125306630959e+56 2.7641291717320732e+56 2.7641328918158227e+56 2.764136715544288e+56 2.764138847080518e+56 2.7641400100091996e+56 2.7641404962684787e+56 2.7641405344362364e+56 2.7641405344362364e+56 2.7641405344362364e+56 2.7641405344362364e+56 2.7641405344362364e+56 2.7641405344362364e+56 2.7641405344362364e+56 2.7641405344362364e+56 2.7641405344362364e+56 2.7641405344362364e+56 2.7641405344362364e+56 2.7641405344362364e+56 2.7641405344362364e+56 2.7641405344362364e+56 2.7641405344362364e+56 2.7641405344362364e+56 2.7641405344362364e+56 2.7641405344362364e+56 2.7641405344362364e+56 2.7641405344362364e+56 2.7641405344362364e+56 2.7641405344362364e+56 2.7641405344362364e+56 2.7641405344362364e+56 2.7641405344362364e+56 2.7641405344362364e+56 2.7641405344362364e+56 2.7641405344362364e+56 2.7641405344362364e+56 2.7641405344362364e+56 
# SN_energy_per_current_crossing_time_list
0.0 0.0 1.630876884860705e+54 5.233365141620499e+55 8.04931069819907e+55 7.616427651149944e+55 6.069668959827427e+55 3.422533403282543e+55 1.4768198008106855e+55 6.27633034388691e+54 3.2048499128960243e+54 2.1302143551295805e+54 1.690142035921688e+54 1.4763712030510503e+54 1.3214700055264893e+54 1.2085423275149917e+54 1.1163793736014481e+54 1.0384347521316128e+54 9.712657811245e+53 9.126535304732235e+53 8.610120557672274e+53 8.151371492705335e+53 7.740975980095741e+53 7.371579817217938e+53 7.037305099567755e+53 6.733169177171432e+53 6.455344731147374e+53 6.2005045032527e+53 5.965711196128909e+53 5.748730207049272e+53 5.547806206103868e+53 5.361982612520534e+53 5.18666695725686e+53 5.023495550522609e+53 4.871330087712437e+53 4.7284263559799765e+53 4.593914691130099e+53 4.4664181535625885e+53 4.347314791489495e+53 4.234879327902404e+53 4.127316136597454e+53 4.0259605588295434e+53 3.9287505525761374e+53 3.837215309610182e+53 3.7493956850450913e+53 3.666404545273333e+53 3.5864643311491677e+53 3.5101724771449068e+53 3.43770242542858e+53 3.3687728226562932e+53 3.301385906182132e+53 3.2372639797637426e+53 3.1756974856576317e+53 3.1167971488528985e+53 3.0596516021418408e+53 3.00501785074481e+53 2.951981416741067e+53 2.899002209352146e+53 2.8525014526596527e+53 2.8064842418145707e+53 2.760923740247665e+53 2.716446208972527e+53 2.6715343037421007e+53 2.630265378691704e+53 2.5905672344022933e+53 2.551770892271445e+53 2.514001014956091e+53 2.4780650508787376e+53 2.4423715138912955e+53 2.4080646958907182e+53 2.374702860138879e+53 2.342734483793898e+53 2.3100583040642266e+53 2.2802991765166366e+53 2.2508516281948206e+53 2.2218421026308463e+53 2.193330169949706e+53 2.16608029802871e+53 2.1391090728303074e+53 2.113077389904309e+53 2.0876793973278602e+53 2.062100057116137e+53 2.0385566010940796e+53 2.0155473137508165e+53 1.992141927893795e+53 1.9696361560296166e+53 1.9474199970170876e+53 1.9266636744130604e+53 1.9049406998142816e+53 1.8840775536054438e+53 1.8643519928823592e+53 1.8438341398058238e+53 1.825170601469468e+53 1.8082318310068388e+53 1.7891561885696788e+53 1.7709008922558176e+53 1.7530635974880436e+53 1.736255538323471e+53 1.7186166242207866e+53 1.702161427327644e+53 1.6855259335760358e+53 1.669413393508223e+53 1.6522741031470571e+53 1.635601498443805e+53 1.6192773845592592e+53 1.6041146949050068e+53 1.58938437291548e+53 1.5748575348967214e+53 1.5610826238075377e+53 1.5414915508681484e+53 1.4703975690769962e+53 1.3150387899039534e+53 1.1479431950312523e+53 1.0198716373721584e+53 9.18433274259754e+52 8.197266907781677e+52 7.247453882212512e+52 6.500883313573174e+52 6.070725865550622e+52 5.797116314303829e+52 5.40067706672144e+52 4.983084268331396e+52 4.6763235029731e+52 4.5080106012935955e+52 4.2756636501079765e+52 3.8952910440282685e+52 3.407425817004713e+52 2.905257449467866e+52 2.535639577523357e+52 2.2532292963196837e+52 2.0280219041488692e+52 1.8468891967102228e+52 1.6956208859360433e+52 1.5683698414242e+52 1.4593576985715185e+52 
# SN_energy_per_final_crossing_time_list
0.0 0.0 2.2700227289529688e+54 9.000161990753297e+55 1.3796631721506698e+56 1.2564131263336746e+56 9.679985413898772e+55 5.323640826121139e+55 2.254752697909129e+55 9.442684054912919e+54 4.7631822219292324e+54 3.1330967713011385e+54 2.4631983039446527e+54 2.1341989333397137e+54 1.896307638864361e+54 1.7227048920615185e+54 1.581596347839894e+54 1.4628444158945687e+54 1.361015961077414e+54 1.2725859435299481e+54 1.1950250279124878e+54 1.1264261116320747e+54 1.0653075344994158e+54 1.0105042638709e+54 9.610887397581868e+53 9.162893425599598e+53 8.755021002256701e+53 8.382059839697507e+53 8.03948633700975e+53 7.723833647675299e+53 7.4323425556779e+53 7.1633812036073735e+53 6.910510493726116e+53 6.675648613711074e+53 6.457101354648763e+53 6.252389210615605e+53 6.060133210348209e+53 5.878346753854807e+53 5.708796242930178e+53 5.549023318493572e+53 5.3966093017022545e+53 5.253204187813857e+53 5.116016497627643e+53 4.986989178987937e+53 4.863483307458991e+53 4.746901564557526e+53 4.634876082646862e+53 4.528123989026845e+53 4.42684964829584e+53 4.330582601842754e+53 4.236810465618259e+53 4.1476518787950445e+53 4.062179104623662e+53 3.980522970277395e+53 3.901424345101631e+53 3.825910292142644e+53 3.752776069500042e+53 3.6799647879341355e+53 3.6157073949096165e+53 3.5523561827058147e+53 3.4897885309057513e+53 3.4288478651016912e+53 3.367636191843261e+53 3.3112165138434132e+53 3.2569422895982674e+53 3.204052069299023e+53 3.1526612520495654e+53 3.1037149780985935e+53 3.055225897150903e+53 3.0086846221066883e+53 2.9634964380369433e+53 2.9201623715292898e+53 2.8760570589234876e+53 2.83577195572388e+53 2.796035592805898e+53 2.756949669056729e+53 2.718561891596592e+53 2.68186081419132e+53 2.645661410398383e+53 2.6107444517983923e+53 2.5766917305898043e+53 2.5424782152283007e+53 2.5108746017627517e+53 2.4800641067000392e+53 2.4488740764095408e+53 2.4188606852728357e+53 2.3892554624485427e+53 2.3614859346149347e+53 2.3326492587767956e+53 2.3049829198160564e+53 2.278782542988212e+53 2.2516636812686182e+53 2.226849798273274e+53 2.2041736983031964e+53 2.1789791076233567e+53 2.154886381466398e+53 2.131374435146271e+53 2.1091576795956335e+53 2.085966856115435e+53 2.06424312124889e+53 2.042332067972601e+53 2.0211337647960294e+53 1.998782476171655e+53 1.9770552951166606e+53 1.9557871613351265e+53 1.935950340141942e+53 1.916660227534039e+53 1.897638887400941e+53 1.879560082375707e+53 1.8531973341009157e+53 1.7551209081361505e+53 1.5498548758531935e+53 1.3382689053591829e+53 1.1775890487386721e+53 1.0515293226486191e+53 9.282239291113065e+52 8.128299898679046e+52 7.229838676789646e+52 6.733320696926097e+52 6.398938672656851e+52 5.920962092327235e+52 5.430810036009226e+52 5.077760732629233e+52 4.886936527764345e+52 4.6046221121521553e+52 4.1662457315838806e+52 3.6021463449981566e+52 3.042719676635284e+52 2.63397614126043e+52 2.3228742577624856e+52 2.075694148474506e+52 1.8785984939171547e+52 1.7141589430966592e+52 1.5765099697429354e+52 1.4593576985715185e+52 
# total_energy_release_list
0 0 1.1782459461041429e+54 4.789321599742547e+55 1.1950406459564615e+56 1.847176703385936e+56 2.355550797931172e+56 2.8683471552926393e+56 3.387958059291067e+56 3.863857857321636e+56 4.281955693070483e+56 4.647658325651972e+56 4.970349432936535e+56 5.258615993557366e+56 5.518893915772699e+56 5.7561880667942695e+56 5.974261229789702e+56 6.176018560883172e+56 6.3637496926478e+56 6.539290787834958e+56 6.7041372504811355e+56 6.85952380975824e+56 7.006481455158188e+56 7.145880980918132e+56 7.27846516670731e+56 7.404870300520474e+56 7.525649430155424e+56 7.64128406760892e+56 7.752193251887665e+56 7.858748125542411e+56 7.961281886761399e+56 8.06010530810755e+56 8.155440158087057e+56 8.247534869442138e+56 8.336614455208246e+56 8.422869552798781e+56 8.506472091869425e+56 8.58756672553312e+56 8.666326368055302e+56 8.742873787390337e+56 8.817322717447464e+56 8.889788406238174e+56 8.960368168649976e+56 9.029160872897264e+56 9.096256018621538e+56 9.161736092470803e+56 9.225676729686208e+56 9.288138129329706e+56 9.349208268750052e+56 9.408944051904243e+56 9.467391895305746e+56 9.524603408109518e+56 9.580641398468456e+56 9.635547241955173e+56 9.68936714903305e+56 9.74214018184329e+56 9.793909091691385e+56 9.844668371770746e+56 9.894546720610132e+56 9.943545767386869e+56 9.991686748731726e+56 1.0038982635131594e+57 1.0085438257032572e+57 1.0131110875967523e+57 1.0176039746959546e+57 1.0220234409551555e+57 1.026372397415976e+57 1.030653420357362e+57 1.0348680075566023e+57 1.0390179506569701e+57 1.0431059403299257e+57 1.0471337708799934e+57 1.05110118645967e+57 1.0550126188201073e+57 1.0588695695944471e+57 1.0626722267355226e+57 1.0664223570755921e+57 1.0701215008699852e+57 1.0737710336890072e+57 1.0773719901030198e+57 1.080926364358524e+57 1.0844332297889943e+57 1.087896861713603e+57 1.0913175883376291e+57 1.094695583914698e+57 1.0980318678330726e+57 1.1013277059355365e+57 1.1045849426212408e+57 1.1078026925104245e+57 1.1109818464115067e+57 1.1141251725194124e+57 1.1172308436800784e+57 1.1203026655562503e+57 1.1233429337228597e+57 1.1263487045702442e+57 1.1293208253413402e+57 1.132260779581612e+57 1.1351698564652913e+57 1.1380473112938918e+57 1.1408945559035244e+57 1.1437118451458821e+57 1.1464995273216411e+57 1.1492606158727075e+57 1.1519941174396293e+57 1.1546999180920811e+57 1.1573794122585771e+57 1.1600323045130283e+57 1.1626588689055134e+57 1.165260410019938e+57 1.1703905137107042e+57 1.1946835344346316e+57 1.2375873098311252e+57 1.274633867821938e+57 1.3072324142043168e+57 1.3363413189054161e+57 1.374884583432347e+57 1.4086362680553627e+57 1.4386572119102943e+57 1.447976951563158e+57 1.4656907796037653e+57 1.490276787464713e+57 1.5128275040804568e+57 1.526883988296112e+57 1.533648106357448e+57 1.5591415478355394e+57 1.5879745169572588e+57 1.637832629526031e+57 1.6799475925573246e+57 1.716405044969491e+57 1.7485564666871118e+57 1.7772866132722702e+57 1.803288714855762e+57 1.8270147718673995e+57 1.8488355986770578e+57 1.869034894720237e+57 
# binding_energy_list
5.105049999754044e+54 5.105049999754044e+54 5.105049999754044e+54 5.0815944256056414e+54 5.046612975635318e+54 5.0118723362727554e+54 4.977370849789391e+54 4.9545019080479056e+54 4.943106869868384e+54 4.920395356814511e+54 4.909078761526059e+54 4.897788193684436e+54 4.886523593428336e+54 4.87528490103389e+54 4.8640720569145894e+54 4.85288500162121e+54 4.8417236758410185e+54 4.830588020397699e+54 4.830588020397699e+54 4.819477976251271e+54 4.808393484497309e+54 4.808393484497309e+54 4.7973344863668626e+54 4.7973344863668626e+54 4.7863009232263806e+54 4.7752927365769314e+54 4.7752927365769314e+54 4.764309868054127e+54 4.764309868054127e+54 4.764309868054127e+54 4.753352259428049e+54 4.753352259428049e+54 4.742419852602468e+54 4.742419852602468e+54 4.731512589614774e+54 4.731512589614774e+54 4.731512589614774e+54 4.7206304126358996e+54 4.7206304126358996e+54 4.7206304126358996e+54 4.7097732639695484e+54 4.7097732639695484e+54 4.7097732639695484e+54 4.6989410860521225e+54 4.6989410860521225e+54 4.6989410860521225e+54 4.688133821452645e+54 4.688133821452645e+54 4.688133821452645e+54 4.688133821452645e+54 4.6773514128720006e+54 4.6773514128720006e+54 4.6773514128720006e+54 4.6665938031428536e+54 4.6665938031428536e+54 4.6665938031428536e+54 4.6665938031428536e+54 4.655860935229582e+54 4.655860935229582e+54 4.655860935229582e+54 4.655860935229582e+54 4.6451527522275115e+54 4.6451527522275115e+54 4.6451527522275115e+54 4.6451527522275115e+54 4.6451527522275115e+54 4.634469197362846e+54 4.634469197362846e+54 4.634469197362846e+54 4.634469197362846e+54 4.623810213992594e+54 4.623810213992594e+54 4.623810213992594e+54 4.623810213992594e+54 4.623810213992594e+54 4.613175745603809e+54 4.613175745603809e+54 4.613175745603809e+54 4.613175745603809e+54 4.613175745603809e+54 4.613175745603809e+54 4.602565735813525e+54 4.602565735813525e+54 4.602565735813525e+54 4.602565735813525e+54 4.602565735813525e+54 4.5919801283686756e+54 4.5919801283686756e+54 4.5919801283686756e+54 4.5919801283686756e+54 4.5919801283686756e+54 4.5919801283686756e+54 4.581418867145349e+54 4.581418867145349e+54 4.581418867145349e+54 4.581418867145349e+54 4.581418867145349e+54 4.581418867145349e+54 4.581418867145349e+54 4.570881896148715e+54 4.570881896148715e+54 4.570881896148715e+54 4.570881896148715e+54 4.570881896148715e+54 4.570881896148715e+54 4.5603691595129506e+54 4.5603691595129506e+54 4.5603691595129506e+54 4.5603691595129506e+54 4.5603691595129506e+54 4.5394161665019953e+54 4.5185594437492354e+54 4.4977985489328656e+54 4.4771330417636595e+54 4.466835921509616e+54 4.44631267469112e+54 4.425883723626274e+54 4.405548635065516e+54 4.405548635065516e+54 4.395416154378252e+54 4.3752210515825026e+54 4.3651583224016653e+54 4.3651583224016653e+54 4.3551187368557144e+54 4.345102241715697e+54 4.335108783875293e+54 4.315190768277633e+54 4.295364267648899e+54 4.285485203974375e+54 4.2657951880159515e+54 4.255984131337409e+54 4.24619563946313e+54 4.236429660495435e+54 4.2169650342858226e+54 4.2072662838444635e+54 
# total_gas_kinetic_energy_list
3.366675657656559e+57 1.299342154591677e+59 1.173423716372365e+59 5.18044254853182e+58 1.7732529681803797e+58 5.33954825321959e+57 1.4928551237672561e+57 4.001014302348514e+56 1.063696614826922e+56 3.020316107087332e+55 1.0787251501876218e+55 5.715185827573124e+54 4.2138537556051334e+54 3.621344795123211e+54 3.281861741739233e+54 3.0301520050172167e+54 2.8212639258613882e+54 2.640889498179126e+54 2.4834657631883743e+54 2.3447980465308444e+54 2.2235145906886665e+54 2.1137727971814308e+54 2.0164547883307734e+54 1.9301370526226938e+54 1.8517122482549033e+54 1.7765596687234333e+54 1.706695578999071e+54 1.6445527262312443e+54 1.585563565461541e+54 1.5327953782519485e+54 1.4794310203538206e+54 1.4370397567617294e+54 1.385816903278061e+54 1.3618731948876136e+54 1.2912472135029244e+54 1.3060870405469457e+54 1.1923852702522984e+54 1.3084855881321051e+54 1.1236038686545346e+54 1.3663336569061879e+54 1.0631480075927644e+54 1.5429907781794303e+54 1.0090420838918677e+54 1.9689504329805575e+54 9.598012522251004e+53 2.946289922349746e+54 9.14721846593156e+53 5.2207452368850474e+54 8.734737548465978e+53 1.0689813221725581e+55 8.364097257213683e+53 2.4346890448828787e+55 8.032707408193315e+53 6.041521895010373e+55 7.74619825922126e+53 1.604950391994105e+56 7.385210467542596e+53 4.502332688682539e+56 7.141748425160685e+53 1.322392638106104e+57 6.911663875501737e+53 4.118106507261662e+57 6.61399384155184e+53 1.3323224034047348e+58 6.489208465919014e+53 4.519200121342876e+58 6.201372643681633e+53 1.5982851625095781e+59 6.110082218417004e+53 5.875169363770966e+59 5.859683839322057e+53 2.2563172235984283e+60 5.825774052334625e+53 8.968650398328332e+60 5.5578452437169105e+53 3.702377982480581e+61 5.524716306889026e+53 1.5923857431707357e+62 5.324329154882768e+53 6.997649077938539e+62 5.208350076292613e+53 3.240681824294797e+63 5.1711495617358215e+53 1.5206642319776844e+64 4.934395491058491e+53 7.47009406296587e+64 4.9154625917302635e+53 3.802690070666862e+65 4.822679472463469e+53 1.9424530220948466e+66 4.617157446870138e+53 1.054990045683539e+67 4.624675247306915e+53 5.871820643451272e+67 4.5641238846037345e+53 3.272369149738934e+68 4.344846297082112e+53 1.92826884377381e+69 4.333515518453547e+53 1.1714754387327403e+70 4.365710874494247e+53 7.140819222104713e+70 1.1733894815055168e+54 2.353450165680162e+71 1.8860253975479862e+54 4.1363700470040886e+71 2.601374785138252e+54 4.99170654844196e+71 3.993340472382633e+70 4.661984072186111e+71 1.7097446193143346e+71 4.2968966803921143e+71 3.982701812895504e+71 4.291970471306813e+71 4.367999514105699e+71 4.43046307000482e+71 4.498819261864267e+71 4.540474669620019e+71 4.5767667118807805e+71 4.579742431277557e+71 4.592189896742004e+71 4.610558546594498e+71 4.625498156198243e+71 4.634134879321378e+71 4.631316937698836e+71 4.642798172781214e+71 4.647203734243218e+71 4.663870520231487e+71 4.673527367869808e+71 4.681478260282534e+71 4.688674518013507e+71 4.695242647752868e+71 4.700291030494994e+71 4.705347587083667e+71 4.709867628058884e+71 
