# time_axis
5.999999999999999 7.0 7.30102999566398 7.477121254719661 7.602059991327962 7.698970004336018 7.778151250383643 7.845098040014256 7.903089986991943 7.954242509439324 8.0 8.041392685158224 8.079181246047623 8.113943352306837 8.146128035678238 8.176091259055681 8.204119982655925 8.230448921378272 8.255272505103306 8.278753600952827 8.301029995663981 8.322219294733918 8.342422680822207 8.361727836017593 8.380211241711605 8.397940008672036 8.414973347970816 8.431363764158986 8.447158031342218 8.462397997898956 8.47712125471966 8.491361693834271 8.505149978319904 8.518513939877886 8.531478917042255 8.544068044350274 8.556302500767286 8.568201724066993 8.57978359661681 8.5910646070265 8.60205999132796 8.612783856719735 8.623249290397899 8.633468455579585 8.643452676486186 8.653212513775342 8.662757831681573 8.672097857935718 8.681241237375586 8.690196080028514 8.698970004336019 8.707570176097937 8.716003343634798 8.724275869600788 8.732393759822967 8.740362689494244 8.7481880270062 8.75587485567249 8.763427993562937 8.770852011642143 8.778151250383644 8.785329835010765 8.792391689498254 8.799340549453582 8.806179973983888 8.812913356642854 8.819543935541867 8.826074802700825 8.832508912706235 8.838849090737254 8.845098040014257 8.851258348719075 8.857332496431269 8.863322860120455 8.869231719730976 8.8750612633917 8.88081359228079 8.886490725172482 8.892094602690479 8.897627091290442 8.903089986991942 8.908485018878649 8.913813852383717 8.919078092376072 8.92427928606188 8.929418925714291 8.934498451243567 8.939519252618616 8.944482672150167 8.949390006644911 8.954242509439323 8.959041392321092 8.963787827345556 8.968482948553934 8.973127853599697 8.977723605288848 8.982271233039567 8.986771734266243 8.991226075692493 8.995635194597549 8.999999999999998 9.004321373782641 9.008600171761916 9.012837224705171 9.017033339298779 9.021189299069936 9.02530586526477 9.02938377768521 9.033423755486949 9.041392685158224 9.079181246047623 9.146128035678236 9.204119982655923 9.255272505103305 9.301029995663981 9.361727836017593 9.414973347970816 9.462397997898954 9.477121254719663 9.505149978319904 9.544068044350274 9.57978359661681 9.60205999132796 9.612783856719734 9.653212513775342 9.698970004336017 9.778151250383642 9.845098040014257 9.903089986991944 9.954242509439325 10.0 10.041392685158225 10.079181246047623 10.113943352306835 10.146128035678236 
# total_gas_mass_list
8.765672244410254 10.356781445454994 10.312617285241055 9.957553315343448 9.491992426145934 8.970794318322998 8.417510296021062 7.846258176005991 7.272077104806412 6.726646089923058 6.279421292080752 6.000935009910318 5.865272275871573 5.7963992434218135 5.751070548966124 5.714372395379792 5.681839691083217 5.6521399239933166 5.6247271404665335 5.598836012486681 5.574550453700388 5.55117704431533 5.529373716146197 5.509021531469664 5.489916428860295 5.4710518366763905 5.453186992893675 5.436483704813694 5.420490144798899 5.404985906505236 5.390088215980365 5.375807345407021 5.362268551408682 5.3497588862342385 5.336862563770153 5.323541528767561 5.31195786002526 5.301641102862569 5.289564302405509 5.279395844512721 5.26873349820482 5.258430329382782 5.24902774797357 5.239076723660826 5.230141620748811 5.220734004483984 5.2119287056733885 5.203650125023002 5.194409055017198 5.188193696856001 5.177921936796984 5.170230095371941 5.162175916342253 5.152937327770658 5.147832206414788 5.13802165664103 5.128728705040295 5.1250978722239795 5.115405233536021 5.105873430575819 5.102409192453712 5.095000691135313 5.084819252745521 5.079835315009395 5.077250822134638 5.0668123558260865 5.0582367008510785 5.054933380337821 5.051117976912124 5.040611556053682 5.032557068826613 5.030169420798233 5.02880887119907 5.018075423716831 5.008199026169028 5.004432951055032 5.004424423625421 4.9991171537444945 4.988060143820664 4.980216124147398 4.977726372182959 4.978249507632258 4.973530644731368 4.961976607529802 4.953158276832234 4.950009728298384 4.950299326845924 4.951910109432363 4.941395556485912 4.928561593025238 4.9223862395118045 4.92112541201402 4.922002589665288 4.923660304400884 4.915444404094169 4.902454557556304 4.894271905906103 4.892120307386372 4.892191185188403 4.893516461802275 4.8944514350705575 5.16334371130857 5.323799651801065 5.439084206519455 5.52984089663484 5.604997705487533 5.669239357368159 5.725401324499597 5.774876559770597 5.855770086612559 6.114229635775138 6.368850582347179 6.508788360845085 6.603314836735236 6.672282373338576 6.74799586579495 6.804358459527221 6.848244424809639 6.861344995622941 6.883838436473497 6.913452601906944 6.9374611925129 6.951574235535248 6.957693500471117 6.981144113439346 7.003941392494865 7.039120517481999 7.064797190553321 7.086275908458535 7.105600982232967 7.12324434461575 7.138008037308716 7.152145646044048 7.1650658281681805 7.176472762624473 
# ejected_gas_mass_list
-10.0 -10.0 4.523963795480647 6.133277288250327 6.534496907069699 6.724412608761126 6.830877477404031 6.899182868374306 6.947642235265674 6.985332579684439 7.016336963626928 7.042454540233793 7.064806063960527 7.084214908493286 7.101295789869197 7.116504546023619 7.13018254366219 7.142592499531896 7.153938299094305 7.164368307411526 7.174011017381099 7.1829577584168645 7.191303092786783 7.199123308854691 7.206480377028273 7.2134103529356794 7.219960789216472 7.2261744997802735 7.232081925507946 7.237707892590629 7.243076830609183 7.248210687422183 7.253130891143435 7.257860160728184 7.262401751238959 7.266760651271195 7.270965556770411 7.275034489060717 7.27895337581297 7.282750060125627 7.28642236327188 7.289979259373147 7.293432997223267 7.2967815762097885 7.300038179949247 7.303201051973596 7.306278850267344 7.3092779893199555 7.312193160946551 7.315050643004951 7.3178197089616175 7.320525313649835 7.323164604854169 7.325731926250579 7.328257749254388 7.330709347917977 7.333096112822292 7.335454372393261 7.337743837164948 7.339972096929217 7.342175669118618 7.344328426410182 7.346419190111317 7.348479670000606 7.3505198290742 7.352497378259919 7.3544287133994395 7.356340164395796 7.358226324201224 7.360055623020816 7.361845253230267 7.363620980960643 7.365384527568216 7.3670930430522645 7.368757131110502 7.3704037880146736 7.372046135401242 7.373659758753837 7.375224185014797 7.376756724690745 7.37827774592874 7.379796719874474 7.381291597984931 7.382739130699031 7.384154148604255 7.385556929563501 7.386957639834174 7.388359605802233 7.389718449812546 7.391032684725591 7.392327250604909 7.3936162368333465 7.394904867136173 7.3961949060298835 7.397453120665331 7.398668910622052 7.399860553614971 7.401045339801331 7.4022279212671975 7.40341135536746 7.404593969222148 7.405742710532151 7.406852133740116 7.407941290995177 7.409024340304703 7.410106680537117 7.411189815926606 7.412274574062054 7.413350912313907 7.415390271562124 7.425019003392695 7.441625868398371 7.455369945017946 7.467151107424077 7.477259554337951 7.490029877369267 7.5007957426393 7.509987784470254 7.512876259201696 7.517996111727279 7.525054395598307 7.531049866284396 7.534691410420422 7.536297766720664 7.54260978383908 7.548987615134308 7.559309897537738 7.5672219458257866 7.574091489964625 7.580471334822349 7.58646321559229 7.5916013714415564 7.596628898488267 7.601316123143627 7.605528495107672 
# stellar_mass_list
-10.0 6.668762231402198 8.266268315300158 8.434437250949465 8.414517562848081 8.367412144481742 8.328660416617844 8.301099504886777 8.281221897975744 8.266037686612822 8.25378240194963 8.243490627820046 8.234598042310308 8.22675961534679 8.219747232607357 8.213402890844252 8.207608740584314 8.202276117949065 8.197336172976678 8.192737631476321 8.188434470098706 8.18439624680646 8.180589445951911 8.176986818248688 8.17356595654096 8.170315628844406 8.167218109528566 8.16425691739657 8.161420606998323 8.158700724011805 8.156088360743999 8.153574996113162 8.151151779561095 8.148809333219756 8.14654841819487 8.14436852968242 8.14225631151979 8.140203237950717 8.13821837950387 8.136287637361542 8.13441308266254 8.132590999386691 8.130815212578874 8.129087930783669 8.12740235011831 8.125760025004421 8.124157108349536 8.122590195571796 8.121063129023119 8.119561486617993 8.11810260877034 8.116672200859622 8.115271746594265 8.113904486142006 8.112553737890751 8.11123800684429 8.109952901147352 8.108677865633524 8.107436202245546 8.106224023839422 8.105020743517617 8.103841552748618 8.102692555215997 8.101557127733937 8.100429301053472 8.099333390916623 8.098261068484126 8.09719480252388 8.0961388522099 8.095112680317607 8.094106376300731 8.093104650855249 8.09210663228828 8.091137856500602 8.090192406613168 8.089253992288949 8.088314980085732 8.087390088740683 8.086491973485098 8.085610029516085 8.08473212233152 8.083852344469674 8.082984349736352 8.082142637560674 8.081318284928603 8.080498647994835 8.079677642071765 8.078853376956074 8.078053381511491 8.077278323906798 8.076513668424452 8.075750374458885 8.074985013561228 8.074216454024953 8.073465602480617 8.072739580885628 8.072026905896688 8.07131743467361 8.070606602381135 8.0698928582219 8.069176204591963 8.068478883547762 8.067806759105874 8.067145728315472 8.066486793736527 8.065826525410554 8.065163892705181 8.064498472723322 8.063836820049683 8.062582641666928 8.056597809887553 8.04598475940949 8.036844033666164 8.028734604006216 8.02156416293216 8.012105985339874 8.003747940252875 7.996317962410121 7.993919935281382 7.98961171683562 7.983411269789308 7.97784691801078 7.974314240041977 7.97270464127871 7.966162061818196 7.959099420191484 7.946423636654871 7.935780546563691 7.926480772534882 7.917936556260295 7.909835930471504 7.902909524207887 7.8959789369830755 7.889733797515512 7.884019686499424 
# remnant_mass_list
-10.0 -10.0 5.553636715879749 7.1586495827230925 7.488775334411234 7.619775083284302 7.681173947569136 7.714419455175782 7.735135009974122 7.749723993823445 7.760910714473041 7.770005165998496 7.777652381329895 7.784233721126509 7.789997144536442 7.795112230532922 7.7997030245421355 7.803861391673082 7.807657557266994 7.811143737128373 7.814365186723717 7.817352733475012 7.820138139254042 7.822746976093584 7.825200124879596 7.827509255929495 7.829690455782371 7.831758273519753 7.833723146880251 7.8355929802459166 7.837375752099769 7.839078911018884 7.840709986828064 7.842276574428662 7.843779116270694 7.845218897485754 7.846605931727785 7.847946764779125 7.8492362910164 7.8504836495793135 7.8516889418836415 7.852854216009578 7.8539849279829115 7.855079108220441 7.856142463516532 7.857173474637065 7.858175804040628 7.859151151028776 7.860098046788468 7.861025305585146 7.861922713169097 7.862798933197106 7.86365392967829 7.86448513113915 7.865304012792329 7.8660982861951885 7.866871615019425 7.867636362964688 7.868378662581372 7.869100483915288 7.869815417591753 7.870513447705809 7.871191550014905 7.87185951697036 7.8725216502737965 7.873162541033058 7.873787941680987 7.874408110358204 7.875021022602658 7.875614417665662 7.876194901830179 7.8767712628942625 7.877344593698002 7.877899032481258 7.878438684213898 7.878972978672359 7.879506946232023 7.880031368129736 7.880539239779242 7.881036424549861 7.881530608148675 7.882024932366134 7.882511742355371 7.882982143111909 7.883441810927108 7.883897825278701 7.884354173717927 7.884811512648523 7.885254273558632 7.8856817305963425 7.88610271666287 7.886522189147621 7.886942468783163 7.887363787428584 7.88777454401051 7.888170273356867 7.888558039629459 7.888943349733809 7.889329112329976 7.889715870312505 7.890103964942244 7.890479110343112 7.890839956953845 7.89119416392517 7.891546814886356 7.891899796868892 7.892253697965031 7.892608819509821 7.89296138868432 7.893626629743685 7.896773260188327 7.9022374632681744 7.906826200042551 7.910810982760568 7.914265094242368 7.918725875310119 7.922582497745391 7.925943906493113 7.92701781560847 7.928925038065868 7.931639971597001 7.9340378655958235 7.935544833220789 7.936224775387608 7.938973338201096 7.941882790754465 7.946990480617078 7.951156077364125 7.954709244960055 7.957910218734889 7.960892952073114 7.963387446159031 7.965853734948326 7.968037167922282 7.970003606854033 
# BH_mass_list
-10.0 -10.0 5.368385055432507 6.970488525984059 7.244814407040155 7.3264327769590665 7.351185424999566 7.358371767136932 7.360265725123876 7.360689469328546 7.360724870241532 7.360734952566847 7.360738552787069 7.360740448794507 7.360741836111357 7.360743019974073 7.36074408650026 7.360745066604678 7.360745975970646 7.360746825225525 7.360747622530446 7.360748373690599 7.360749083997858 7.360749757086328 7.360750397216307 7.360751008039272 7.360751592573108 7.360752152259171 7.3607526893887885 7.360753206251599 7.360753704425782 7.3607541851284015 7.360754649620496 7.360755099086655 7.360755534756762 7.360755958056175 7.360756368970166 7.360756767471233 7.360758322353237 7.360758701255431 7.360760177988448 7.360760537969808 7.360761945537789 7.360762288552496 7.3607636336752185 7.36076396173837 7.360765249614629 7.36076556410918 7.36076679908839 7.360767101450733 7.3607682875976455 7.3607685793872335 7.360769721344648 7.360770001310306 7.360771102602312 7.360771371638449 7.3607724371481895 7.360772697100462 7.360773716753976 7.360773969083783 7.360774957928034 7.360775199331154 7.360776159020417 7.3607763944542866 7.360777316048034 7.3607775434019365 7.360778449071866 7.360778669708856 7.360779536580346 7.360779751263647 7.360780604039553 7.360780811758148 7.3607816288539345 7.360781831637249 7.360782641709503 7.360782838923261 7.360783611448938 7.360783802563497 7.360784568402289 7.360784757191432 7.360785494708611 7.360785675457263 7.360786395631297 7.360786575562941 7.360787288811389 7.360787462125435 7.360788142687278 7.3607883112905625 7.360788987385681 7.360789156728025 7.360789819101893 7.360789979580158 7.360790613585717 7.360790771339305 7.3607914047838845 7.360791563460653 7.360792187410453 7.360792338525192 7.3607929327850465 7.360793080346129 7.360793671764664 7.360793819800631 7.360793819800631 7.360793819800631 7.360793819800631 7.360793819800631 7.360793819800631 7.360793819800631 7.360793819800631 7.360793819800631 7.360793819800631 7.360793819800631 7.360793819800631 7.360793819800631 7.360793819800631 7.360793819800631 7.360793819800631 7.360793819800631 7.360793819800631 7.360793819800631 7.360793819800631 7.360793819800631 7.360793819800631 7.360793819800631 7.360793819800631 7.360793819800631 7.360793819800631 7.360793819800631 7.360793819800631 7.360793819800631 7.360793819800631 7.360793819800631 7.360793819800631 7.360793819800631 7.360793819800631 
# NS_mass_list
-10.0 -10.0 5.094276227583655 6.704705941614501 7.1220260112939995 7.310876595655712 7.4055551707995 7.446054947412486 7.4600984087809445 7.464398066185042 7.465585475926353 7.465892277676406 7.465963817405854 7.465986869474592 7.465993208750573 7.465996529245401 7.465998953265422 7.46600102732814 7.466002903974302 7.46600463631402 7.466006250507041 7.46600776329349 7.466009187343602 7.466010532407491 7.466011806897882 7.466013018456952 7.466014173736865 7.466015277842438 7.466016335174088 7.466017349942422 7.466018325769493 7.466019265778498 7.466020172681594 7.466021048873046 7.466021896648752 7.466022718443925 7.4660235158193045 7.466024289543816 7.466025423938877 7.4660264270914505 7.466027621252286 7.466028634337072 7.46602976373484 7.46603072835809 7.466031805968005 7.466032727243993 7.466033757981375 7.46603463991928 7.466035627738367 7.4660364737468665 7.466037422228154 7.466038235631489 7.466039148637182 7.4660399310309415 7.466040810402511 7.466041563601811 7.466042412178847 7.466043139656854 7.466043955330764 7.466044655956079 7.466045444702527 7.46604612060646 7.466046883908462 7.466047539419346 7.466048275979323 7.466048908538926 7.4660496260996005 7.4660502423059905 7.466050935186238 7.466051530775057 7.466052206396255 7.466052786689787 7.466053439584112 7.466054001101916 7.46605464073818 7.466055190852165 7.466055809191474 7.466056340313923 7.466056944874348 7.466057466377036 7.466058055202843 7.466058560473277 7.466059132166658 7.4660596257179135 7.466060189336059 7.4660606739752895 7.466061218696474 7.466061686597831 7.466062219825286 7.466062681858553 7.466063207960387 7.466063659196492 7.466064166144618 7.46606460200133 7.466065100428671 7.466065532863236 7.4660660271386075 7.4660664515190165 7.466066927587322 7.466067336451975 7.466067802651132 7.466068206661418 7.466068424947187 7.46606853593431 7.466068571167902 7.4660685738343915 7.4660685738343915 7.4660685738343915 7.4660685738343915 7.4660685738343915 7.4660685738343915 7.4660685738343915 7.4660685738343915 7.4660685738343915 7.4660685738343915 7.4660685738343915 7.4660685738343915 7.4660685738343915 7.4660685738343915 7.4660685738343915 7.4660685738343915 7.4660685738343915 7.4660685738343915 7.4660685738343915 7.4660685738343915 7.4660685738343915 7.4660685738343915 7.4660685738343915 7.4660685738343915 7.4660685738343915 7.4660685738343915 7.4660685738343915 7.4660685738343915 7.4660685738343915 7.4660685738343915 
# WD_mass_list
-10.0 -10.0 -10.0 -10.0 -10.0 3.299068406532453 5.00831033168774 6.024805011316729 6.410334360254804 6.614841204571667 6.740695662664416 6.826289749232261 6.888985694231632 6.937408998431854 6.976358556936196 7.008617643352207 7.035957383540083 7.05954928207526 7.080205561477335 7.098496373578241 7.1148632339028275 7.1296127939077465 7.143014698404089 7.155277564444037 7.166565801714193 7.176986065142874 7.186653858845619 7.1956680814301555 7.204102266621294 7.212013717092524 7.219455867309814 7.226476388375022 7.233120288972763 7.239430234167577 7.245418245258266 7.251098770115966 7.25651929943634 7.261711921706341 7.266660773203854 7.271410041702377 7.275961406198954 7.280330121624449 7.284537237807012 7.288581690231563 7.292484696276128 7.296246123184996 7.299879096519513 7.303394548328282 7.306786677235249 7.3100912711579245 7.313271186620821 7.316361122875863 7.319360016216913 7.322262397323945 7.325107257362392 7.327855020161238 7.330517496927722 7.333140101721569 7.335674088045164 7.338129097654012 7.340550171016543 7.342905750584498 7.345184620467595 7.347422114503779 7.349631303622995 7.351762940128905 7.353835207476001 7.355884159217108 7.357901780605725 7.3598496848725965 7.3617485924945685 7.363629081660222 7.365493403993996 7.367291710442055 7.3690364096796985 7.370759732223906 7.372476658157787 7.374159000112195 7.375783316131206 7.377370048150171 7.378942656864895 7.3805124540475875 7.382053995629508 7.383540591436962 7.3849893118875976 7.386423861397665 7.387855687830045 7.389287979662479 7.3906709876422845 7.392003872743579 7.393313327913117 7.394615966748347 7.395917961900617 7.397221054625844 7.398488414204319 7.39970751929514 7.400899347573269 7.402081950698778 7.40326331238631 7.404446039932369 7.405630217453764 7.406773260329606 7.407871155842385 7.4089471595172025 7.41001674921776 7.411085615390337 7.412155502606823 7.413227310066837 7.414289667980842 7.416289452280205 7.4256663739113415 7.441638334475264 7.454760665144208 7.465951351832565 7.475504333305115 7.48764712176023 7.497975712865308 7.506854688168207 7.509667796769927 7.51463622190316 7.521649079885559 7.527785969520594 7.5316159198137065 7.53333731238007 7.5402541112336925 7.547504409152366 7.560060831384899 7.570144986195621 7.578639729972502 7.586210883011855 7.593198155244006 7.598992770300084 7.604679022325329 7.609678270872949 7.6141531733896475 
