# time_axis
1000000 10000000 20000000 30000000 40000000 50000000 60000000 70000000 80000000 90000000 100000000 110000000 120000000 130000000 140000000 150000000 160000000 170000000 180000000 190000000 200000000 210000000 220000000 230000000 240000000 250000000 260000000 270000000 280000000 290000000 300000000 310000000 320000000 330000000 340000000 350000000 360000000 370000000 380000000 390000000 400000000 410000000 420000000 430000000 440000000 450000000 460000000 470000000 480000000 490000000 500000000 510000000 520000000 530000000 540000000 550000000 560000000 570000000 580000000 590000000 600000000 610000000 620000000 630000000 640000000 650000000 660000000 670000000 680000000 690000000 700000000 710000000 720000000 730000000 740000000 750000000 760000000 770000000 780000000 790000000 800000000 810000000 820000000 830000000 840000000 850000000 860000000 870000000 880000000 890000000 900000000 910000000 920000000 930000000 940000000 950000000 960000000 970000000 980000000 990000000 1000000000 1010000000 1020000000 1030000000 1040000000 1050000000 1060000000 1070000000 1080000000 1100000000 1200000000 1400000000 1600000000 1800000000 2000000000 2300000000 2600000000 2900000000 3000000000 3200000000 3500000000 3800000000 4000000000 4100000000 4500000000 5000000000 6000000000 7000000000 8000000000 9000000000 10000000000 11000000000 12000000000 13000000000 14000000000 
# SNIa_energy_release_list
0 0.0 0.0 0.0 0.0 0.0 2.9193604867050142e+53 1.3539576490219772e+55 5.117321728583105e+55 9.278867257911974e+55 1.3233853989799242e+56 1.6814302893548792e+56 2.001493718314186e+56 2.2881303951737536e+56 2.5466432333615197e+56 2.7817111814041947e+56 2.9971351035643215e+56 3.1959303171887478e+56 3.38048872582893e+56 3.5527271489486062e+56 3.7141991386493843e+56 3.86618078189211e+56 4.0097324646249985e+56 4.145745018725847e+56 4.274975262141977e+56 4.398070284722565e+56 4.515588168398322e+56 4.628015888187354e+56 4.735776159926096e+56 4.839240340068565e+56 4.9387410267766965e+56 5.0345829618001795e+56 5.127016690533623e+56 5.216251728516425e+56 5.302532039323957e+56 5.386042940529386e+56 5.466955715725939e+56 5.545419702943072e+56 5.62158460257883e+56 5.695599240054542e+56 5.7675605301480225e+56 5.83758532991419e+56 5.9057733563377545e+56 5.972215530558098e+56 6.037004042995387e+56 6.100218391571944e+56 6.161933773134867e+56 6.22221389826462e+56 6.2811281975158205e+56 6.338753029469191e+56 6.3951257441711e+56 6.450297401495423e+56 6.50432379389523e+56 6.557256194617555e+56 6.609130266185784e+56 6.659991364856472e+56 6.7098752760688285e+56 6.758800237450763e+56 6.806819690834617e+56 6.8540268824193075e+56 6.900384358813318e+56 6.945937253375767e+56 6.990681036998882e+56 7.03465153067575e+56 7.077904679117641e+56 7.120451566619424e+56 7.1623093858306185e+56 7.203511467277822e+56 7.244072464748656e+56 7.284007725212098e+56 7.323340478537126e+56 7.362093390404505e+56 7.4002695751483505e+56 7.437888542482968e+56 7.474989750473667e+56 7.511567179973982e+56 7.547634216198308e+56 7.583210054917278e+56 7.618305885229014e+56 7.65293382699445e+56 7.687107795999511e+56 7.720834374578399e+56 7.754123914636178e+56 7.7870127829785565e+56 7.819485656130091e+56 7.85155685861906e+56 7.88323663056198e+56 7.91454070026927e+56 7.945473055459683e+56 7.976027995415774e+56 8.006231733607084e+56 8.036087193738071e+56 8.065594775876633e+56 8.094802325753105e+56 8.12369070109363e+56 8.152245648194535e+56 8.18049234963957e+56 8.208438808881447e+56 8.236087345277196e+56 8.263437546070793e+56 8.290504386072638e+56 8.317284435170208e+56 8.343798785788859e+56 8.370060874685382e+56 8.396052325411005e+56 8.421788881049564e+56 8.447273839661133e+56 8.472503205589409e+56 8.497488597282347e+56 8.546756599466802e+56 8.780013889894768e+56 9.19181788223012e+56 9.547259263593763e+56 9.859921629700903e+56 1.0139045016466128e+57 1.0508549311312237e+57 1.0832051384641902e+57 1.1119744970093184e+57 1.1209018605580782e+57 1.137877390631972e+57 1.1614326654428989e+57 1.1830360430786257e+57 1.1965014362124229e+57 1.2029805819496893e+57 1.2273993082093509e+57 1.2550144431608632e+57 1.3027627930424182e+57 1.3430905147651027e+57 1.3779982778459038e+57 1.4087789682991087e+57 1.4362841182186087e+57 1.4611810682562627e+57 1.4838947062499997e+57 1.5047837427965466e+57 1.5241202802314583e+57 
# SNII_energy_release_list
0 0.0 4.366751697859073e+53 2.027304734634851e+55 7.746701701638597e+55 1.4069988606227924e+56 1.9657639941781322e+56 2.351268456645362e+56 2.506654066839743e+56 2.5703172065123546e+56 2.5953326172021456e+56 2.6047569326590644e+56 2.6082735673968656e+56 2.6095566856122354e+56 2.6100613539084483e+56 2.610284184036793e+56 2.6103812993579356e+56 2.610429376964382e+56 2.610462830093623e+56 2.6104903058151558e+56 2.6105148629795123e+56 2.610537636307275e+56 2.610559091611964e+56 2.610579456700161e+56 2.6105988658067613e+56 2.6106174255078793e+56 2.610635223448036e+56 2.610652329234474e+56 2.6106687980748877e+56 2.6106846841607916e+56 2.6107000348339433e+56 2.610714890058475e+56 2.6107292819742697e+56 2.610743241625889e+56 2.610756811340117e+56 2.6107700181800767e+56 2.6107828873179086e+56 2.610795427417616e+56 2.6108076505120697e+56 2.610819587072034e+56 2.610831251468601e+56 2.610842654555837e+56 2.610853820093889e+56 2.610864749459425e+56 2.6108754584126598e+56 2.6108859597024746e+56 2.6108962582153434e+56 2.6109063692114733e+56 2.6109162950134163e+56 2.6109258562463767e+56 2.6109354240290132e+56 2.6109447080828755e+56 2.610954121298269e+56 2.6109634048894093e+56 2.6109725087508718e+56 2.6109811955984113e+56 2.610990001643547e+56 2.6109984272327867e+56 2.611006954741603e+56 2.6110151095496064e+56 2.611023394819528e+56 2.6110312952256465e+56 2.6110393174883705e+56 2.611047005355887e+56 2.611054799673839e+56 2.611062255573202e+56 2.611069847740044e+56 2.6110771234633794e+56 2.6110845013488706e+56 2.611091570142743e+56 2.611098773222311e+56 2.6111056756899133e+56 2.6111126815539445e+56 2.6111193970553613e+56 2.6111262491587105e+56 2.6111328312841283e+56 2.6111395134143916e+56 2.6111459110725806e+56 2.6111524304901663e+56 2.611158705085596e+56 2.6111651017141283e+56 2.6111712240706663e+56 2.6111774453553945e+56 2.6111834263452246e+56 2.6111895535386365e+56 2.611195445638622e+56 2.6112014247831993e+56 2.611207145776382e+56 2.611212976112714e+56 2.611218609268293e+56 2.6112243909461977e+56 2.6112299311649106e+56 2.611235543925348e+56 2.6112409140112665e+56 2.611246395881364e+56 2.6112517065908317e+56 2.6112571693478695e+56 2.6112624161031652e+56 2.61126773015774e+56 2.611272807764489e+56 2.6112779801111016e+56 2.6112829797115137e+56 2.611286356121404e+56 2.61128827198985e+56 2.6112891755463833e+56 2.6112891755463833e+56 2.6112891755463833e+56 2.6112891755463833e+56 2.6112891755463833e+56 2.6112891755463833e+56 2.6112891755463833e+56 2.6112891755463833e+56 2.6112891755463833e+56 2.6112891755463833e+56 2.6112891755463833e+56 2.6112891755463833e+56 2.6112891755463833e+56 2.6112891755463833e+56 2.6112891755463833e+56 2.6112891755463833e+56 2.6112891755463833e+56 2.6112891755463833e+56 2.6112891755463833e+56 2.6112891755463833e+56 2.6112891755463833e+56 2.6112891755463833e+56 2.6112891755463833e+56 2.6112891755463833e+56 2.6112891755463833e+56 2.6112891755463833e+56 2.6112891755463833e+56 2.6112891755463833e+56 2.6112891755463833e+56 2.6112891755463833e+56 2.6112891755463833e+56 
# SN_energy_per_current_crossing_time_list
0.0 0.0 1.1655783655889654e+54 3.147277793706299e+55 8.574238384950078e+55 9.441346915900502e+55 8.430376499601186e+55 5.968028074357827e+55 2.6230401067945053e+55 1.2401998849425974e+55 6.294128896148246e+54 3.64002243225643e+54 2.4906461035164373e+54 1.9440546845141193e+54 1.657991525109215e+54 1.4775267598856374e+54 1.3435095445038228e+54 1.2389584283552539e+54 1.153601059772192e+54 1.0805717061192576e+54 1.0169143708074806e+54 9.607501291106573e+53 9.1074817124206e+53 8.65915169415538e+53 8.254753090400497e+53 7.887972943908903e+53 7.553679613567996e+53 7.247842775130193e+53 6.966732711421478e+53 6.707388330875246e+53 6.467588819585644e+53 6.245797741303335e+53 6.038744725571346e+53 5.843929621574475e+53 5.663783413837007e+53 5.494561497472903e+53 5.335503309975671e+53 5.1853007977324306e+53 5.0440420611147006e+53 4.911785140861647e+53 4.785203689854504e+53 4.665634191978262e+53 4.552065591238962e+53 4.443918126685349e+53 4.341354327579535e+53 4.243586952867819e+53 4.150338503148707e+53 4.060922171911819e+53 3.975716056151481e+53 3.894913692563075e+53 3.8169107098725213e+53 3.7414197092772048e+53 3.670121152892947e+53 3.601469687727049e+53 3.534852011243504e+53 3.470599423904476e+53 3.4094186663699214e+53 3.3483431927176207e+53 3.291545815884439e+53 3.23995646484794e+53 3.1865363440709085e+53 3.135071720358741e+53 3.0839722711991756e+53 3.0342970775627543e+53 2.9891297031083467e+53 2.943721312317383e+53 2.900147633267634e+53 2.8579073572198518e+53 2.81732871388843e+53 2.776879189872815e+53 2.7386744249749433e+53 2.701129031885949e+53 2.664453918999587e+53 2.6282627303768656e+53 2.595433276668768e+53 2.5613296769348675e+53 2.5287707867113316e+53 2.4967442068869637e+53 2.4661142446555767e+53 2.4355225733784503e+53 2.406511885260158e+53 2.3771621965103688e+53 2.349161171597444e+53 2.3229585158064033e+53 2.2962894625681105e+53 2.269842350338991e+53 2.244670546701846e+53 2.2199159976105103e+53 2.1960553517194643e+53 2.1710871874199048e+53 2.148547385157806e+53 2.1254285467553767e+53 2.102891423289574e+53 2.083118203164156e+53 2.0625992778645664e+53 2.0404278278620056e+53 2.020581422890247e+53 2.000559931392248e+53 1.9812076298253116e+53 1.9612194400860687e+53 1.9429016121534368e+53 1.9237753470821145e+53 1.9032944789592883e+53 1.8840190714138566e+53 1.864243474827779e+53 1.8457732427787607e+53 1.8292424839625505e+53 1.8124030375787811e+53 1.7963698606820233e+53 1.7739302228800369e+53 1.6925538052866506e+53 1.5146719038376664e+53 1.32303021527417e+53 1.1762926791384006e+53 1.0601464971093409e+53 9.474299675887723e+52 8.387158278553025e+52 7.53253842902902e+52 7.034423655216079e+52 6.726301232459981e+52 6.272967390367081e+52 5.794301821182599e+52 5.441610904959506e+52 5.247164262139745e+52 4.983885537420835e+52 4.5473477213289437e+52 3.9891285924752366e+52 3.409224081947981e+52 2.981920659515758e+52 2.6548484781593633e+52 2.394251045458282e+52 2.184465303732771e+52 2.0087237518135955e+52 1.8608349860584396e+52 1.7340378225772562e+52 
# SN_energy_per_final_crossing_time_list
0.0 0.0 1.0442562609953325e+54 4.743630339908009e+55 1.3677251433461577e+56 1.5121381743378207e+56 1.3364815554882038e+56 9.337677090178867e+55 4.053346639452075e+55 1.8956214557012557e+55 9.528838786061364e+54 5.4645421278728345e+54 3.711185785023765e+54 2.8773068669585297e+54 2.4389444679701292e+54 2.1613000986862243e+54 1.9550756726042044e+54 1.794228038774764e+54 1.6630597312274428e+54 1.5511486804501012e+54 1.45390086732209e+54 1.3683679420678738e+54 1.2924556070258504e+54 1.2245864399029497e+54 1.1635362707880214e+54 1.1083144794986947e+54 1.0581183446911648e+54 1.0123058892888834e+54 9.702974143585331e+53 9.31632102646685e+53 8.959607443510878e+53 8.63031767951167e+53 8.323572870764868e+53 8.035690973884442e+53 7.769788156854251e+53 7.520568735609023e+53 7.286769666387313e+53 7.066383465141236e+53 6.859450684152246e+53 6.665936950350101e+53 6.481148585541507e+53 6.306865537764282e+53 6.14158160457931e+53 5.98445447576201e+53 5.8356323728211475e+53 5.69396987255817e+53 5.559062466528112e+53 5.429904911215218e+53 5.3069792164546e+53 5.190472157708255e+53 5.078202015442707e+53 4.969816590619653e+53 4.867421829243164e+53 4.769006230847636e+53 4.6736689105184924e+53 4.581831555044869e+53 4.494485606936307e+53 4.4075802886528215e+53 4.326621003226318e+53 4.2528887361245315e+53 4.177001023890862e+53 4.103928384986152e+53 4.031661351455091e+53 3.96151555669609e+53 3.897440931239975e+53 3.8332964584339135e+53 3.7718289213136334e+53 3.712267753485627e+53 3.655021734902796e+53 3.5981685185648935e+53 3.544458765001882e+53 3.4917415904519146e+53 3.4402698368483805e+53 3.38960602351625e+53 3.3435017156883385e+53 3.295885343423331e+53 3.250354083081008e+53 3.205624806644806e+53 3.1628703859626524e+53 3.1203261992294508e+53 3.0799072252621455e+53 3.039130817556181e+53 3.000175198493353e+53 2.9636696250605284e+53 2.9267141568782853e+53 2.8901314397992313e+53 2.8552373774962342e+53 2.820928284167248e+53 2.7878556155931546e+53 2.753538710084414e+53 2.7223992507378454e+53 2.6905893857088602e+53 2.6595662929757734e+53 2.6320800479975305e+53 2.6037248315573687e+53 2.5734147607519834e+53 2.546135895821405e+53 2.5186946087540777e+53 2.4921387944804698e+53 2.4648195908375303e+53 2.4396352751293283e+53 2.413503697256731e+53 2.3857950560130034e+53 2.3596803351833927e+53 2.332989561300592e+53 2.3079706514344884e+53 2.2854082478851607e+53 2.2624875268667746e+53 2.240608710494086e+53 2.209097143639319e+53 2.0917755588635323e+53 1.8464621719413366e+53 1.5937413848481697e+53 1.4019272332269768e+53 1.2515439008819437e+53 1.1045314688572961e+53 9.670204791043846e+52 8.599808525951399e+52 8.005769441171228e+52 7.611551785193148e+52 7.041201590656721e+52 6.457735610950685e+52 6.037663430817158e+52 5.810287288625875e+52 5.474479991046337e+52 4.952871075566987e+52 4.281916808476027e+52 3.616458996389485e+52 3.1304147232891196e+52 2.760312265345551e+52 2.466572437625884e+52 2.23267755033329e+52 2.0368852232231386e+52 1.8732608964164388e+52 1.7340378225772562e+52 
# total_energy_release_list
0 0 4.366751697859073e+53 2.027304734634851e+55 7.746701701638597e+55 1.4069988606227924e+56 1.9686833546648373e+56 2.4866642215475596e+56 3.018386239698054e+56 3.498203932303552e+56 3.91871801618207e+56 4.286187222013944e+56 4.609767285711052e+56 4.897687080785989e+56 5.156704587269968e+56 5.391995365440988e+56 5.6075164029222575e+56 5.806359694153129e+56 5.990951555922553e+56 6.163217454763762e+56 6.324714001628897e+56 6.476718418199384e+56 6.620291556236963e+56 6.756324475426008e+56 6.885574127948739e+56 7.008687710230444e+56 7.126223391846358e+56 7.238668217421828e+56 7.346444958000984e+56 7.449925024229357e+56 7.549441061610639e+56 7.645297851858654e+56 7.737745972507893e+56 7.826994970142314e+56 7.913288850664073e+56 7.996812958709462e+56 8.077738603043848e+56 8.156215130360689e+56 8.2323922530909e+56 8.306418827126575e+56 8.378391781616623e+56 8.448427984470028e+56 8.516627176431643e+56 8.583080280017523e+56 8.647879501408046e+56 8.711104351274419e+56 8.77283003135021e+56 8.833120267476093e+56 8.892044492529237e+56 8.949678885715567e+56 9.006061168200113e+56 9.0612421095783e+56 9.115277915193499e+56 9.168219599506965e+56 9.220102774936656e+56 9.270972560454883e+56 9.320865277712375e+56 9.36979866468355e+56 9.41782664557622e+56 9.465041991968914e+56 9.511407753632847e+56 9.556968548601414e+56 9.601720354487253e+56 9.645698536031637e+56 9.68895947879148e+56 9.731513822192626e+56 9.773379233570662e+56 9.814588590741202e+56 9.855156966097527e+56 9.895099295354842e+56 9.934439251759437e+56 9.973199066094419e+56 1.0011382256702295e+57 1.0049007939538329e+57 1.0086115999632378e+57 1.0122700011258111e+57 1.01587737296127e+57 1.0194355965989859e+57 1.022945831571918e+57 1.0264092532080046e+57 1.0298272897713639e+57 1.0332005598649066e+57 1.0365301359991571e+57 1.0398196209323782e+57 1.0430675209668727e+57 1.0462752304257682e+57 1.049443805534518e+57 1.0525747846045652e+57 1.0556686031572397e+57 1.0587246604684067e+57 1.0617456124553281e+57 1.0647317124902981e+57 1.067683031980198e+57 1.0706043239764372e+57 1.0734937096974993e+57 1.0763497354785367e+57 1.079174951898744e+57 1.0819701224984613e+57 1.0847355075434936e+57 1.0874710353835281e+57 1.090178236618374e+57 1.0928567414881723e+57 1.0955085141910263e+57 1.0981349146675231e+57 1.1007341500957388e+57 1.1033078056595947e+57 1.1058563015207517e+57 1.1083792381135792e+57 1.110877777282873e+57 1.1158045775013185e+57 1.1391303065441152e+57 1.1803107057776503e+57 1.2158548439140146e+57 1.2471210805247286e+57 1.2750334192012511e+57 1.311983848685862e+57 1.3443340560188286e+57 1.3731034145639568e+57 1.3820307781127165e+57 1.3990063081866104e+57 1.4225615829975372e+57 1.444164960633264e+57 1.4576303537670612e+57 1.4641094995043276e+57 1.4885282257639892e+57 1.5161433607155015e+57 1.5638917105970565e+57 1.6042194323197408e+57 1.6391271954005423e+57 1.669907885853747e+57 1.697413035773247e+57 1.722309985810901e+57 1.7450236238046382e+57 1.765912660351185e+57 1.7852491977860964e+57 
# binding_energy_list
5.069907082747024e+54 5.069907082747024e+54 5.069907082747024e+54 5.069907082747024e+54 5.046612975635318e+54 5.0234258952238765e+54 5.0003453497697626e+54 4.9888448746001265e+54 4.977370849789391e+54 4.9659232145033376e+54 4.9545019080479056e+54 4.943106869868384e+54 4.931738039549334e+54 4.920395356814511e+54 4.909078761526059e+54 4.909078761526059e+54 4.897788193684436e+54 4.886523593428336e+54 4.886523593428336e+54 4.87528490103389e+54 4.87528490103389e+54 4.8640720569145894e+54 4.8640720569145894e+54 4.85288500162121e+54 4.85288500162121e+54 4.8417236758410185e+54 4.8417236758410185e+54 4.830588020397699e+54 4.830588020397699e+54 4.819477976251271e+54 4.819477976251271e+54 4.819477976251271e+54 4.808393484497309e+54 4.808393484497309e+54 4.808393484497309e+54 4.7973344863668626e+54 4.7973344863668626e+54 4.7863009232263806e+54 4.7863009232263806e+54 4.7863009232263806e+54 4.7863009232263806e+54 4.7752927365769314e+54 4.7752927365769314e+54 4.7752927365769314e+54 4.764309868054127e+54 4.764309868054127e+54 4.764309868054127e+54 4.753352259428049e+54 4.753352259428049e+54 4.753352259428049e+54 4.753352259428049e+54 4.742419852602468e+54 4.742419852602468e+54 4.742419852602468e+54 4.742419852602468e+54 4.731512589614774e+54 4.731512589614774e+54 4.731512589614774e+54 4.731512589614774e+54 4.7206304126358996e+54 4.7206304126358996e+54 4.7206304126358996e+54 4.7206304126358996e+54 4.7097732639695484e+54 4.7097732639695484e+54 4.7097732639695484e+54 4.7097732639695484e+54 4.7097732639695484e+54 4.6989410860521225e+54 4.6989410860521225e+54 4.6989410860521225e+54 4.6989410860521225e+54 4.6989410860521225e+54 4.688133821452645e+54 4.688133821452645e+54 4.688133821452645e+54 4.688133821452645e+54 4.688133821452645e+54 4.6773514128720006e+54 4.6773514128720006e+54 4.6773514128720006e+54 4.6773514128720006e+54 4.6773514128720006e+54 4.6665938031428536e+54 4.6665938031428536e+54 4.6665938031428536e+54 4.6665938031428536e+54 4.6665938031428536e+54 4.6665938031428536e+54 4.655860935229582e+54 4.655860935229582e+54 4.655860935229582e+54 4.655860935229582e+54 4.655860935229582e+54 4.655860935229582e+54 4.6451527522275115e+54 4.6451527522275115e+54 4.6451527522275115e+54 4.6451527522275115e+54 4.6451527522275115e+54 4.6451527522275115e+54 4.634469197362846e+54 4.634469197362846e+54 4.634469197362846e+54 4.634469197362846e+54 4.634469197362846e+54 4.634469197362846e+54 4.634469197362846e+54 4.623810213992594e+54 4.623810213992594e+54 4.613175745603809e+54 4.581418867145349e+54 4.5603691595129506e+54 4.5394161665019953e+54 4.5185594437492354e+54 4.4977985489328656e+54 4.4771330417636595e+54 4.456562483975042e+54 4.44631267469112e+54 4.4360864393143095e+54 4.425883723626274e+54 4.405548635065516e+54 4.395416154378252e+54 4.395416154378252e+54 4.385306977749887e+54 4.3651583224016653e+54 4.335108783875293e+54 4.315190768277633e+54 4.30526610491711e+54 4.285485203974375e+54 4.2657951880159515e+54 4.255984131337409e+54 4.236429660495435e+54 4.226686142656007e+54 4.2072662838444635e+54 
# total_gas_kinetic_energy_list
2.1451329682251313e+57 9.40090418359515e+58 1.93648906359191e+59 7.624488102371016e+58 3.230059620088324e+58 1.3118507623863286e+58 5.07614776009754e+57 1.892873417949501e+57 6.885500981817949e+56 2.4769844546332275e+56 9.012004035174858e+55 3.4634536658315284e+55 1.5203757213671887e+55 8.332568629098905e+54 5.80302421953212e+54 4.776278505130551e+54 4.2755239231809545e+54 3.967726234409654e+54 3.7400013805281684e+54 3.5523264365580666e+54 3.390012679655815e+54 3.246312731705371e+54 3.115107097592041e+54 3.000257717052934e+54 2.8954951497112452e+54 2.7960488193711437e+54 2.699775611284147e+54 2.6139686744327476e+54 2.534452419485313e+54 2.459271627458588e+54 2.3875318122273023e+54 2.3212243136754117e+54 2.2633898198988513e+54 2.207233715858857e+54 2.1516456598819602e+54 2.0889258864475937e+54 2.0317133124591933e+54 1.9838586391065824e+54 1.933853043698478e+54 1.881840476928398e+54 1.8421169140512115e+54 1.7942892750894644e+54 1.758940143931906e+54 1.7148916185918788e+54 1.686543623529735e+54 1.637956502527517e+54 1.630381595934262e+54 1.550338536447749e+54 1.6110658944742956e+54 1.4875184144436517e+54 1.6214181787908198e+54 1.4273061826342615e+54 1.6592593025584194e+54 1.376804616108715e+54 1.7557098772306937e+54 1.3373141279393439e+54 1.942644215872704e+54 1.2889216484551091e+54 2.3307108141582972e+54 1.2387545343161425e+54 3.019070800606047e+54 1.2132221210941717e+54 4.349515235540078e+54 1.1659761504601086e+54 6.969727895547262e+54 1.1426380988879198e+54 1.208329724307868e+55 1.1058959340048067e+54 2.287396471110857e+55 1.0847111745545451e+54 4.520229756660988e+55 1.0552359685093316e+54 9.523494922101259e+55 1.041642700480653e+54 2.053340555168191e+56 1.0048536032692576e+54 4.678201286925749e+56 1.0025722253342725e+54 1.0879691341965351e+57 9.608133097928296e+53 2.6247755234656737e+57 9.58136583967227e+53 6.567893698473188e+57 9.351881807445168e+53 1.661963466358811e+58 9.06795965112438e+53 4.438676281634349e+58 9.131039452096516e+53 1.2046594075324907e+59 8.750000888688979e+53 3.315863581974978e+59 8.584108881754263e+53 9.661089380439074e+59 8.65827785798966e+53 2.8410757382646393e+60 8.352667242540955e+53 8.438010318760745e+60 8.119088642387966e+53 2.65754893538241e+61 8.171851185602601e+53 8.48185869400777e+61 1.534492976933176e+54 2.7035865270375185e+62 2.89987338058366e+54 3.2022879333355084e+62 8.262069581483846e+61 2.68498146335204e+62 1.7477930206468284e+62 2.367880870785497e+62 2.1883397321345856e+62 2.405033493405228e+62 2.6985688339760613e+62 2.878332041012874e+62 2.9454668624303215e+62 2.9862802280640792e+62 3.0096932615238755e+62 3.035371408314459e+62 3.0514168943474933e+62 3.064824945131041e+62 3.06652058982979e+62 3.0710339399657047e+62 3.0777550400168115e+62 3.0832671032838968e+62 3.0865012711426393e+62 3.0857940341235103e+62 3.0898982265815037e+62 3.091865374298681e+62 3.097917876654588e+62 3.101647998883483e+62 3.1046619174224387e+62 3.1072990992707156e+62 3.1097146536365734e+62 3.111574687413163e+62 3.1134248838067303e+62 3.115034353932085e+62 
