# time_axis
1000000 10000000 20000000 30000000 40000000 50000000 60000000 70000000 80000000 90000000 100000000 110000000 120000000 130000000 140000000 150000000 160000000 170000000 180000000 190000000 200000000 210000000 220000000 230000000 240000000 250000000 260000000 270000000 280000000 290000000 300000000 310000000 320000000 330000000 340000000 350000000 360000000 370000000 380000000 390000000 400000000 410000000 420000000 430000000 440000000 450000000 460000000 470000000 480000000 490000000 500000000 510000000 520000000 530000000 540000000 550000000 560000000 570000000 580000000 590000000 600000000 610000000 620000000 630000000 640000000 650000000 660000000 670000000 680000000 690000000 700000000 710000000 720000000 730000000 740000000 750000000 760000000 770000000 780000000 790000000 800000000 810000000 820000000 830000000 840000000 850000000 860000000 870000000 880000000 890000000 900000000 910000000 920000000 930000000 940000000 950000000 960000000 970000000 980000000 990000000 1000000000 1010000000 1020000000 1030000000 1040000000 1050000000 1060000000 1070000000 1080000000 1100000000 1200000000 1400000000 1600000000 1800000000 2000000000 2300000000 2600000000 2900000000 3000000000 3200000000 3500000000 3800000000 4000000000 4100000000 4500000000 5000000000 6000000000 7000000000 8000000000 9000000000 10000000000 11000000000 12000000000 13000000000 14000000000 
# SNIa_energy_release_list
0 0.0 0.0 0.0 0.0 0.0 9.349096776927837e+53 4.4552806204474914e+55 1.6716356922656106e+56 3.294258654329484e+56 4.994186015500288e+56 6.607451311053371e+56 8.076856401201369e+56 9.398422299237486e+56 1.0587978497322511e+57 1.1665337469493227e+57 1.2648507325904603e+57 1.3552316087557434e+57 1.4388618467168265e+57 1.5166875483086323e+57 1.5894700653418418e+57 1.6578296445407068e+57 1.7222778371004554e+57 1.7832415331113506e+57 1.8410810249968747e+57 1.8961029071375834e+57 1.9485704841886425e+57 1.99871201482812e+57 2.046725662989123e+57 2.0927848798344056e+57 2.1370436438189956e+57 2.179641663250682e+57 2.2206965323468438e+57 2.2603105550288466e+57 2.2985865221491536e+57 2.3356129638400393e+57 2.3714690298829892e+57 2.406224063899149e+57 2.439945662010233e+57 2.4726976374570183e+57 2.5045308137948643e+57 2.535495509421236e+57 2.565637225656694e+57 2.5949978745223887e+57 2.6236178496416305e+57 2.651533808666057e+57 2.6787797637807522e+57 2.705385296440785e+57 2.7313813367130314e+57 2.7567989243857595e+57 2.7816601966196847e+57 2.805987138942639e+57 2.8298034944815274e+57 2.8531313694311466e+57 2.875989281528319e+57 2.8983959720816517e+57 2.9203685430661313e+57 2.9419166971052606e+57 2.9630631672248186e+57 2.983836442576069e+57 3.004240298758345e+57 3.0242863070225458e+57 3.043977927153151e+57 3.063327435184163e+57 3.0823537937832734e+57 3.1010669706016347e+57 3.1194760199608026e+57 3.1375928582799822e+57 3.155425909959778e+57 3.1729825557037315e+57 3.190272083401363e+57 3.207303817707435e+57 3.224081689716863e+57 3.2406139054342685e+57 3.2569128774496516e+57 3.272981989338736e+57 3.288826362695477e+57 3.3044528499836616e+57 3.319867210791728e+57 3.335074742706546e+57 3.350081597948125e+57 3.3648908347201855e+57 3.379508356841613e+57 3.39394432142822e+57 3.40819932575877e+57 3.4222771751389105e+57 3.4361822108643314e+57 3.449920498637953e+57 3.4634946110974525e+57 3.476904739530133e+57 3.4901582421401434e+57 3.503257356019428e+57 3.516205274020621e+57 3.529014810137627e+57 3.541684864854514e+57 3.5542123615376e+57 3.5666023895815344e+57 3.578859351127319e+57 3.590984949111188e+57 3.602980526685203e+57 3.614849935691876e+57 3.626594052056864e+57 3.63821965259888e+57 3.649731500988121e+57 3.661127298646687e+57 3.672410321614284e+57 3.6835825335553174e+57 3.694643923925002e+57 3.705597715052996e+57 3.727194726962069e+57 3.829429622334818e+57 4.0098532460733776e+57 4.1655148107555124e+57 4.3023935291043e+57 4.4245512345292214e+57 4.586226383687123e+57 4.727735240788333e+57 4.8535556449841155e+57 4.892591149654386e+57 4.966821059855173e+57 5.06981247956078e+57 5.164249948206434e+57 5.2231122643292355e+57 5.251435720463664e+57 5.358165120621456e+57 5.478856551179522e+57 5.68751495310772e+57 5.863709211709722e+57 6.01622771913869e+57 6.15069306395229e+57 6.2708610860771766e+57 6.379605734453106e+57 6.478818812280797e+57 6.570060207003883e+57 6.65451844514065e+57 
# SNII_energy_release_list
0 0.0 2.2333596867609338e+54 2.1626019425740655e+56 7.326860321382581e+56 1.1769236977029309e+57 1.5115366039216791e+57 1.7336960813739527e+57 1.8549423569280286e+57 1.9143014883810222e+57 1.9409808564078026e+57 1.9521227594669833e+57 1.9564772784038464e+57 1.9580947470930618e+57 1.9586784435452028e+57 1.9588830171886527e+57 1.9589576993248346e+57 1.9589905515875502e+57 1.9590033919150724e+57 1.959008462157825e+57 1.9590112696590594e+57 1.9590131826665292e+57 1.9590146941468816e+57 1.9590159915769136e+57 1.959017151903985e+57 1.9590182109331733e+57 1.9590191875276517e+57 1.959020094659039e+57 1.9590209413442513e+57 1.9590217350386575e+57 1.959022481156147e+57 1.9590231842194592e+57 1.9590238489845743e+57 1.9590244794891898e+57 1.9590250783371302e+57 1.959025648187071e+57 1.959026190132461e+57 1.9590267075990266e+57 1.9590272024383855e+57 1.959027676494441e+57 1.959028130992117e+57 1.9590285678366733e+57 1.9590289880491374e+57 1.959029393021212e+57 1.9590297832706623e+57 1.9590301597094616e+57 1.9590305226399242e+57 1.9590308726922058e+57 1.959031240276972e+57 1.9590316231183994e+57 1.9590320083046973e+57 1.9590323901076475e+57 1.9590327399438773e+57 1.959033097053581e+57 1.9590334256000267e+57 1.9590337622257443e+57 1.9590340716854753e+57 1.9590343880308746e+57 1.959034679122502e+57 1.9590349786848898e+57 1.9590352525584627e+57 1.959035532980337e+57 1.959035789525771e+57 1.9590360569739277e+57 1.9590363039556234e+57 1.9590365604182198e+57 1.9590367927485084e+57 1.959037033271595e+57 1.959037254332878e+57 1.9590374844458548e+57 1.959037694001541e+57 1.9590379118328215e+57 1.9590381100885576e+57 1.9590383182340198e+57 1.959038508405391e+57 1.959038708077764e+57 1.9590388879078497e+57 1.959039077160146e+57 1.9590392483421853e+57 1.9590394304946603e+57 1.9590395949976536e+57 1.959039768611973e+57 1.959039926517343e+57 1.9590400934405966e+57 1.9590402447860427e+57 1.9590404063059803e+57 1.95904055260199e+57 1.9590407074730395e+57 1.9590408471320727e+57 1.959040997135022e+57 1.9590411324850103e+57 1.959041276296119e+57 1.959041406624202e+57 1.9590415447056117e+57 1.9590416678454704e+57 1.9590417944118438e+57 1.9590419085582053e+57 1.9590420319033385e+57 1.9590421440455696e+57 1.9590422663570587e+57 1.9590423751778678e+57 1.9590424925959706e+57 1.959042594527216e+57 1.959042676744764e+57 1.9590427162695835e+57 1.9590427199288413e+57 1.9590427199288413e+57 1.9590427199288413e+57 1.9590427199288413e+57 1.9590427199288413e+57 1.9590427199288413e+57 1.9590427199288413e+57 1.9590427199288413e+57 1.9590427199288413e+57 1.9590427199288413e+57 1.9590427199288413e+57 1.9590427199288413e+57 1.9590427199288413e+57 1.9590427199288413e+57 1.9590427199288413e+57 1.9590427199288413e+57 1.9590427199288413e+57 1.9590427199288413e+57 1.9590427199288413e+57 1.9590427199288413e+57 1.9590427199288413e+57 1.9590427199288413e+57 1.9590427199288413e+57 1.9590427199288413e+57 1.9590427199288413e+57 1.9590427199288413e+57 1.9590427199288413e+57 1.9590427199288413e+57 1.9590427199288413e+57 1.9590427199288413e+57 
# SN_energy_per_current_crossing_time_list
0.0 0.0 8.838619354258365e+54 5.47627195094779e+56 1.3301154486076888e+57 1.1760980431714987e+57 9.089652516195793e+56 6.19940694928959e+56 3.5398459011447606e+56 1.8641823055502508e+56 9.517140270604206e+55 4.996351519983088e+55 2.8901784575342763e+55 1.9396940375215373e+55 1.4980941680545174e+55 1.2678427567136574e+55 1.129453362133014e+55 1.0324972162093231e+55 9.542576443530576e+54 8.895379193803652e+54 8.344625954234067e+54 7.863048195029186e+54 7.436858271750788e+54 7.056397029854587e+54 6.714411912141893e+54 6.405169255201124e+54 6.1240720529917123e+54 5.867454837252208e+54 5.632132101779061e+54 5.4154795164167284e+54 5.2155188232552325e+54 5.030632682800806e+54 4.858502233937133e+54 4.697401635715139e+54 4.547552998852259e+54 4.407351320927931e+54 4.275793687009167e+54 4.151808488789436e+54 4.03528154376877e+54 3.925783949064984e+54 3.821821404989066e+54 3.7234012046933746e+54 3.629977620662289e+54 3.541217766425814e+54 3.4569390462766183e+54 3.3767286953342574e+54 3.300261904756944e+54 3.2270606768445534e+54 3.1574087246792656e+54 3.09125461760694e+54 3.027506904001591e+54 2.9661742088917855e+54 2.9074156488913095e+54 2.8512666559038252e+54 2.7970449000980775e+54 2.745063806017501e+54 2.6948901367968752e+54 2.6458357264119355e+54 2.599246655211119e+54 2.5561363557043358e+54 2.5133158276331375e+54 2.4718300486978295e+54 2.4305386016197268e+54 2.3907647772174292e+54 2.3531094016733317e+54 2.31668441307588e+54 2.2811354523803903e+54 2.2470680803069568e+54 2.213870640928198e+54 2.18160154534151e+54 2.1502880203198246e+54 2.120147161868781e+54 2.0903318693666356e+54 2.0614906153394653e+54 2.0340977997172223e+54 2.0071431690296026e+54 1.980641012834177e+54 1.9550370779444378e+54 1.9300144945443234e+54 1.905668718601233e+54 1.8819426627686948e+54 1.8586410130177186e+54 1.8359630960206994e+54 1.8145618676232515e+54 1.7930997721265604e+54 1.772174830964627e+54 1.751664298638191e+54 1.731911983785693e+54 1.7123829913513218e+54 1.692989902739683e+54 1.6742933957544537e+54 1.655966916692085e+54 1.6379113446548955e+54 1.621538178854726e+54 1.604919984532449e+54 1.5879218779647872e+54 1.5715184632108192e+54 1.5556664296876582e+54 1.5399407042285074e+54 1.5244136264730262e+54 1.509288163755381e+54 1.4943193916671008e+54 1.480080616866325e+54 1.4663917164125425e+54 1.4523763543779543e+54 1.4387468011091045e+54 1.4254384828900972e+54 1.4121402957105021e+54 1.3992265676669087e+54 1.3809857358615165e+54 1.314544807202017e+54 1.1712623849944245e+54 1.0189446969976723e+54 9.026184304308933e+53 8.108645018758852e+53 7.2156354799802705e+53 6.3626811633431065e+53 5.694687885004072e+53 5.3113261742556064e+53 5.069464702112607e+53 4.713974534306566e+53 4.3425428174180014e+53 4.0717608144690555e+53 3.9235862397834205e+53 3.7154529024959422e+53 3.379497034842824e+53 2.94855544160671e+53 2.5083372056392654e+53 2.1854829997651712e+53 1.938492736885988e+53 1.7421180682325715e+53 1.5844906789072245e+53 1.4525874354420338e+53 1.3419307610431014e+53 1.2473142148071542e+53 
# SN_energy_per_final_crossing_time_list
0.0 0.0 8.79551470811066e+54 8.428898321016337e+56 2.033810800676289e+57 1.7495161860997066e+57 1.3179252399700933e+57 8.813598331417312e+56 4.9560504533074565e+56 2.5773429271142712e+56 1.3017508375863297e+56 6.77048990413091e+55 3.884993925514523e+55 2.5887417996665314e+55 1.986659711793252e+55 1.6716544040050597e+55 1.481397578756923e+55 1.347720206018527e+55 1.2401427994276438e+55 1.1513589553160236e+55 1.0759879958235632e+55 1.0103159459598075e+55 9.523928381373115e+54 9.008480527730115e+54 8.546545187751888e+54 8.130029983885096e+54 7.752474988991299e+54 7.408681265736581e+54 7.094188723065905e+54 6.805341527015417e+54 6.53925582767851e+54 6.293820641080256e+54 6.0657709853941715e+54 5.852845897647031e+54 5.655111642900499e+54 5.470462354992991e+54 5.2975065406494976e+54 5.134805170609996e+54 4.982093967701797e+54 4.838814230031522e+54 4.703045149407613e+54 4.5747148013375264e+54 4.4531082976646786e+54 4.3376970155907975e+54 4.2282532700751307e+54 4.1242268698307354e+54 4.025224720432688e+54 3.9305937644494154e+54 3.8406504533653746e+54 3.75528226392723e+54 3.673132532219282e+54 3.594207155136837e+54 3.518675693009183e+54 3.446563502663211e+54 3.3770449545513536e+54 3.310438507666166e+54 3.2462189468100786e+54 3.183566413258081e+54 3.124144614098878e+54 3.069063026122701e+54 3.0144045055521875e+54 2.96158183282112e+54 2.9091502953379405e+54 2.858668702181055e+54 2.81086405477317e+54 2.7646494113518464e+54 2.719639570599939e+54 2.6765169001075168e+54 2.6345294693909358e+54 2.5937443446231326e+54 2.5542142864256693e+54 2.5161748827597894e+54 2.4786063548889665e+54 2.442365765156369e+54 2.4078485835866353e+54 2.3739393060933734e+54 2.3406708457676483e+54 2.308529636381219e+54 2.2771307548086337e+54 2.246628612120245e+54 2.216922342531534e+54 2.1877731117066224e+54 2.1593980330024725e+54 2.132620379482465e+54 2.1058340707418898e+54 2.0797111641176857e+54 2.054129372840431e+54 2.0295371158120107e+54 2.005231117336875e+54 1.9810540144486878e+54 1.957865157814374e+54 1.935097713057678e+54 1.912715380601112e+54 1.892309105724386e+54 1.8716510718249223e+54 1.8506110058515627e+54 1.830260155259773e+54 1.8106445711037815e+54 1.7912001368610397e+54 1.7720382336435706e+54 1.7533520078738622e+54 1.7348821302439033e+54 1.7173182320016707e+54 1.700441205957255e+54 1.6831342193937495e+54 1.666337938979065e+54 1.649958496922293e+54 1.6335919086182825e+54 1.617701207293303e+54 1.5947680502121744e+54 1.5098472459399745e+54 1.3322853728707887e+54 1.1494372047681323e+54 1.0107407806953126e+54 9.020377750360958e+53 7.958951712882637e+53 6.966204555740134e+53 6.1938926712328396e+53 5.764924882584411e+53 5.481290173692639e+53 5.0700663679460525e+53 4.648972069934807e+53 4.346515226705671e+53 4.182925221780483e+53 3.94055988176867e+53 3.5648419920077055e+53 3.0815536353305594e+53 2.6021097310339524e+53 2.25245643923146e+53 1.98583986222091e+53 1.7746910836440747e+53 1.6059859724264415e+53 1.4652197938208719e+53 1.3474906785604184e+53 1.2473142148071542e+53 
# total_energy_release_list
0 0 2.2333596867609338e+54 2.1626019425740655e+56 7.326860321382581e+56 1.1769236977029309e+57 1.512471513599372e+57 1.7782488875784276e+57 2.0221059261545898e+57 2.2437273538139706e+57 2.4403994579578315e+57 2.6128678905723204e+57 2.7641629185239833e+57 2.89793697701681e+57 3.0174762932774538e+57 3.1254167641379754e+57 3.2238084319152945e+57 3.3142221603432936e+57 3.397865238631899e+57 3.4756960104664574e+57 3.548481335000901e+57 3.616842827207236e+57 3.6812925312473374e+57 3.7422575246882645e+57 3.80009817690086e+57 3.855121118070756e+57 3.907589671716294e+57 3.957732109487159e+57 4.005746604333374e+57 4.051806614873063e+57 4.096066124975143e+57 4.138664847470141e+57 4.1797203813314184e+57 4.2193350345180364e+57 4.257611600486284e+57 4.294638612027111e+57 4.33049522001545e+57 4.3652507714981755e+57 4.3989728644486184e+57 4.431725313951459e+57 4.463558944786981e+57 4.494524077257909e+57 4.5246662137058315e+57 4.5540272675436006e+57 4.582647632912293e+57 4.610563968375519e+57 4.6378102864206764e+57 4.664416169132991e+57 4.690412576990003e+57 4.7158305475041585e+57 4.740692204924382e+57 4.7650195290502866e+57 4.788836234425405e+57 4.812164466484728e+57 4.8350227071283455e+57 4.857429734307396e+57 4.879402614751607e+57 4.9009510851361355e+57 4.922097846347321e+57 4.942871421260959e+57 4.9632755513168076e+57 4.983321840002883e+57 5.003013716678922e+57 5.022363492158091e+57 5.041390097738897e+57 5.060103531019855e+57 5.078512812709311e+57 5.096629891551577e+57 5.1144631642926554e+57 5.132020040149586e+57 5.149309777402904e+57 5.166341729540256e+57 5.183119799805421e+57 5.199652223668288e+57 5.2159513858550424e+57 5.2320206974165e+57 5.2478652506033265e+57 5.2634919271438075e+57 5.278906459133914e+57 5.294114173201206e+57 5.309121192945779e+57 5.323930603332158e+57 5.338548283358956e+57 5.352984414868816e+57 5.367239570544813e+57 5.381317581444891e+57 5.395222763466322e+57 5.408961206110992e+57 5.4225354582295255e+57 5.435945736665155e+57 5.449199374625154e+57 5.462298632315547e+57 5.475246680644823e+57 5.488056354843239e+57 5.500726532699984e+57 5.513254155949444e+57 5.5256442981397394e+57 5.537901383030657e+57 5.550027093156758e+57 5.5620227930422616e+57 5.573892310869744e+57 5.585636544652834e+57 5.5972622471260954e+57 5.608774177732885e+57 5.620170014916271e+57 5.6314530415431256e+57 5.642625253484159e+57 5.653686643853843e+57 5.6646404349818374e+57 5.68623744689091e+57 5.7884723422636596e+57 5.968895966002219e+57 6.124557530684354e+57 6.261436249033141e+57 6.383593954458063e+57 6.545269103615964e+57 6.686777960717174e+57 6.812598364912956e+57 6.851633869583228e+57 6.925863779784013e+57 7.028855199489622e+57 7.123292668135276e+57 7.182154984258077e+57 7.210478440392505e+57 7.317207840550297e+57 7.437899271108364e+57 7.646557673036562e+57 7.822751931638563e+57 7.975270439067531e+57 8.10973578388113e+57 8.229903806006017e+57 8.338648454381947e+57 8.437861532209639e+57 8.529102926932724e+57 8.613561165069491e+57 
# binding_energy_list
4.7206304126359e+55 4.7206304126359e+55 4.7206304126359e+55 4.7097732639695485e+55 4.6773514128720003e+55 4.6558609352295815e+55 4.623810213992594e+55 4.6025657358135253e+55 4.5919801283686756e+55 4.581418867145349e+55 4.56036915951295e+55 4.549880601500499e+55 4.539416166501995e+55 4.528975799036195e+55 4.528975799036195e+55 4.518559443749235e+55 4.5081670454146377e+55 4.5081670454146377e+55 4.497798548932866e+55 4.497798548932866e+55 4.4874538993313323e+55 4.4874538993313323e+55 4.47713304176366e+55 4.47713304176366e+55 4.466835921509617e+55 4.466835921509617e+55 4.456562483975042e+55 4.456562483975042e+55 4.456562483975042e+55 4.44631267469112e+55 4.44631267469112e+55 4.44631267469112e+55 4.4360864393143097e+55 4.4360864393143097e+55 4.4360864393143097e+55 4.425883723626274e+55 4.425883723626274e+55 4.425883723626274e+55 4.425883723626274e+55 4.415704473533157e+55 4.415704473533157e+55 4.415704473533157e+55 4.415704473533157e+55 4.4055486350655163e+55 4.4055486350655163e+55 4.4055486350655163e+55 4.4055486350655163e+55 4.395416154378252e+55 4.395416154378252e+55 4.395416154378252e+55 4.395416154378252e+55 4.395416154378252e+55 4.3853069777498876e+55 4.3853069777498876e+55 4.3853069777498876e+55 4.3853069777498876e+55 4.3853069777498876e+55 4.375221051582503e+55 4.375221051582503e+55 4.375221051582503e+55 4.375221051582503e+55 4.375221051582503e+55 4.3651583224016653e+55 4.3651583224016653e+55 4.3651583224016653e+55 4.3651583224016653e+55 4.3651583224016653e+55 4.3651583224016653e+55 4.355118736855715e+55 4.355118736855715e+55 4.355118736855715e+55 4.355118736855715e+55 4.355118736855715e+55 4.355118736855715e+55 4.355118736855715e+55 4.3451022417156965e+55 4.3451022417156965e+55 4.3451022417156965e+55 4.3451022417156965e+55 4.3451022417156965e+55 4.3451022417156965e+55 4.3451022417156965e+55 4.3351087838752933e+55 4.3351087838752933e+55 4.3351087838752933e+55 4.3351087838752933e+55 4.3351087838752933e+55 4.3351087838752933e+55 4.3351087838752933e+55 4.3251383103501146e+55 4.3251383103501146e+55 4.3251383103501146e+55 4.3251383103501146e+55 4.3251383103501146e+55 4.3251383103501146e+55 4.3251383103501146e+55 4.3251383103501146e+55 4.3251383103501146e+55 4.3151907682776323e+55 4.3151907682776323e+55 4.3151907682776323e+55 4.3151907682776323e+55 4.3151907682776323e+55 4.3151907682776323e+55 4.3151907682776323e+55 4.3151907682776323e+55 4.3151907682776323e+55 4.30526610491711e+55 4.30526610491711e+55 4.30526610491711e+55 4.295364267648899e+55 4.2756288615158644e+55 4.265795188015952e+55 4.24619563946313e+55 4.236429660495435e+55 4.2169650342858227e+55 4.2072662838444636e+55 4.1975898399100517e+55 4.1879356511791826e+55 4.1879356511791826e+55 4.178303666466239e+55 4.1686938347033293e+55 4.159106104940219e+55 4.159106104940219e+55 4.1495404263436496e+55 4.139996748197279e+55 4.120975190973321e+55 4.111497211045196e+55 4.102041029866064e+55 4.0926065973001265e+55 4.083193863326894e+55 4.073802778041122e+55 4.064433291652144e+55 4.0550853544838104e+55 4.04575891697442e+55 
# total_gas_kinetic_energy_list
1.1879531270578291e+58 5.090261208131775e+59 1.0157816221847946e+60 6.266163444644545e+59 3.3369224547726923e+59 1.6125994534497478e+59 7.297863843104042e+58 3.154110741163948e+58 1.3189747601505445e+58 5.388508572688287e+57 2.169503980585231e+57 8.700184553096812e+56 3.536045671985217e+56 1.5037502161957603e+56 7.054339456115859e+55 3.887232182016296e+55 2.5902814471718185e+55 2.0190193530872315e+55 1.7367116691316424e+55 1.570194422043849e+55 1.4584730054736415e+55 1.3697219138401847e+55 1.2949154590798928e+55 1.2306493759726276e+55 1.1744124159944464e+55 1.1230744190628552e+55 1.0752444680827388e+55 1.0330067871623207e+55 9.93357063803301e+54 9.563111554054151e+54 9.303320188049898e+54 8.911675991877701e+54 8.624941736094346e+54 8.35337047955977e+54 8.096417451738384e+54 7.856377689207812e+54 7.612731590067673e+54 7.390364208410044e+54 7.172645079106923e+54 6.986981336342347e+54 6.758305860183879e+54 6.625495110199927e+54 6.377557528700661e+54 6.342973063707774e+54 5.9555865009338136e+54 6.222234441185484e+54 5.629981476864732e+54 6.256323957536016e+54 5.348989592491499e+54 6.549792524689025e+54 5.14322181162267e+54 7.265992513533723e+54 4.931172302316753e+54 8.780959876784265e+54 4.722022521698239e+54 1.1920904419854856e+55 4.5566388332542726e+54 1.8540829413795965e+55 4.282608627115275e+54 3.2533930580188437e+55 4.3317028815698495e+54 6.469225433806548e+55 4.09067984024421e+54 1.3713937021519255e+56 3.959120721331337e+54 3.106654370784831e+56 3.8065354724840195e+54 7.365952158414787e+56 3.695643341380029e+54 1.849376862641225e+57 3.6262223453970625e+54 4.8000286936250384e+57 3.546625510559731e+54 1.2980309075210152e+58 3.4879259654447704e+54 3.7542156047635073e+58 3.3305598746268947e+54 1.084685785227773e+59 3.3043376836151446e+54 3.2904243154809106e+59 3.202212860000717e+54 1.0291173140209434e+60 3.197655345116056e+54 3.31219478236077e+60 3.0620947896751365e+54 1.1000816666006975e+61 3.058560553740253e+54 3.7407494632913486e+61 2.945863612017641e+54 1.3272154593146725e+62 2.7945042714250937e+54 4.58359858712415e+62 2.7280903580480554e+54 1.7431682051928052e+63 2.7488707711077447e+54 6.78580689075243e+63 2.728710492401978e+54 2.703637658294461e+64 2.6655568439533178e+54 1.113256566074602e+65 2.6413930440938632e+54 4.709385440561267e+65 5.872956998870729e+54 1.230259583914406e+66 9.061140290621797e+54 1.8765382249314454e+66 1.2201744856524857e+55 1.9917914954930857e+66 3.4495281731844593e+65 1.7339803869964747e+66 8.815569280889659e+65 1.6595146745880762e+66 1.6282284462113668e+66 1.724388530135182e+66 1.757589306197718e+66 1.7813549439155394e+66 1.807270937005106e+66 1.823276785601656e+66 1.837225061113394e+66 1.8384232688606748e+66 1.8434162382490096e+66 1.8503298765158743e+66 1.8560398662276565e+66 1.859347087863609e+66 1.858358986453721e+66 1.8627690939882702e+66 1.8646094443482865e+66 1.87111232859625e+66 1.8748987874553348e+66 1.8780322284483405e+66 1.8808621965019194e+66 1.883280129467339e+66 1.8853841672838477e+66 1.8872886920462146e+66 1.889041683800215e+66 
