# time_axis
1000000 10000000 20000000 30000000 40000000 50000000 60000000 70000000 80000000 90000000 100000000 110000000 120000000 130000000 140000000 150000000 160000000 170000000 180000000 190000000 200000000 210000000 220000000 230000000 240000000 250000000 260000000 270000000 280000000 290000000 300000000 310000000 320000000 330000000 340000000 350000000 360000000 370000000 380000000 390000000 400000000 410000000 420000000 430000000 440000000 450000000 460000000 470000000 480000000 490000000 500000000 510000000 520000000 530000000 540000000 550000000 560000000 570000000 580000000 590000000 600000000 610000000 620000000 630000000 640000000 650000000 660000000 670000000 680000000 690000000 700000000 710000000 720000000 730000000 740000000 750000000 760000000 770000000 780000000 790000000 800000000 810000000 820000000 830000000 840000000 850000000 860000000 870000000 880000000 890000000 900000000 910000000 920000000 930000000 940000000 950000000 960000000 970000000 980000000 990000000 1000000000 1010000000 1020000000 1030000000 1040000000 1050000000 1060000000 1070000000 1080000000 1100000000 1200000000 1400000000 1600000000 1800000000 2000000000 2300000000 2600000000 2900000000 3000000000 3200000000 3500000000 3800000000 4000000000 4100000000 4500000000 5000000000 6000000000 7000000000 8000000000 9000000000 10000000000 11000000000 12000000000 13000000000 14000000000 
# SNIa_energy_release_list
0 0.0 0.0 0.0 0.0 0.0 2.6183271224527883e+53 1.363906098092199e+55 3.726101609745195e+55 6.250812046868935e+55 8.560982730053126e+55 1.0600385708825616e+56 1.2403814411293715e+56 1.4015500760321182e+56 1.5471589532723968e+56 1.6799539088142272e+56 1.8020227268843876e+56 1.9149799738188723e+56 2.020099750180376e+56 2.1184049987719244e+56 2.2107295612255845e+56 2.297762418207884e+56 2.3800792017771826e+56 2.45816630658465e+56 2.532438796676935e+56 2.6032523742397027e+56 2.670916193454523e+56 2.7356996041675087e+56 2.7978370395082744e+56 2.857536032302117e+56 2.914982933328872e+56 2.9703517475189873e+56 3.023767504911247e+56 3.0753674932290234e+56 3.1252784680941573e+56 3.1736075558310976e+56 3.2204508185826944e+56 3.265889218467491e+56 3.3100189664319097e+56 3.3529098121546893e+56 3.3946251046846464e+56 3.435228974573413e+56 3.474776468689803e+56 3.5133224187313334e+56 3.550917397578795e+56 3.587607352692496e+56 3.6234349353245835e+56 3.658433636906536e+56 3.6926524099612256e+56 3.7261238503861415e+56 3.7588739071211915e+56 3.7909308567302194e+56 3.8223301049859126e+56 3.853095141904708e+56 3.883251704822502e+56 3.9128215823097764e+56 3.941828942125252e+56 3.970270812413374e+56 3.998217123667518e+56 4.02567262121562e+56 4.0526473816833976e+56 4.079148522831994e+56 4.105178800492815e+56 4.1307692131333815e+56 4.155943248971344e+56 4.1807063225137185e+56 4.205074039580215e+56 4.229061011563887e+56 4.252675972139923e+56 4.275928506318328e+56 4.298833762778765e+56 4.321402026301355e+56 4.343632052746021e+56 4.365547511370275e+56 4.3871582046343775e+56 4.408464847165851e+56 4.4294769378809245e+56 4.450203221939952e+56 4.4706515854302195e+56 4.490827671996855e+56 4.51074271822868e+56 4.5303918080464215e+56 4.549797902758413e+56 4.568964101793917e+56 4.5878910131254775e+56 4.606583927180885e+56 4.6250501661672005e+56 4.643299997260316e+56 4.661329039099899e+56 4.679141353023733e+56 4.6967526993942485e+56 4.7141536253133995e+56 4.731364039223474e+56 4.748397906953093e+56 4.765239434560003e+56 4.781891665618148e+56 4.798363449656879e+56 4.814662253681244e+56 4.830784240097085e+56 4.846736545886451e+56 4.862521186748405e+56 4.878139759797927e+56 4.893609847940292e+56 4.908926595097762e+56 4.9240883502665e+56 4.93910263211676e+56 4.953968520050442e+56 4.968687097986717e+56 4.983265532120702e+56 5.012014335870436e+56 5.1481597979356505e+56 5.388623870203578e+56 5.596271772251549e+56 5.778993909807423e+56 5.942159634117383e+56 6.1582119103346985e+56 6.347408655520715e+56 6.515694497684714e+56 6.567936575466349e+56 6.667235335863327e+56 6.805057097952458e+56 6.931471177080891e+56 7.010268052285263e+56 7.048186078974457e+56 7.19109695760138e+56 7.352729326972578e+56 7.6322274410822e+56 7.868319003712276e+56 8.072695252796882e+56 8.252933026068388e+56 8.413990884496397e+56 8.559759670590233e+56 8.692766946268438e+56 8.815093736926987e+56 8.928330451911342e+56 
# SNII_energy_release_list
0 0.0 5.265388506994331e+53 5.487932127323314e+55 1.232654869958583e+56 1.7421521415094237e+56 2.1062321370642614e+56 2.300208036870244e+56 2.37404639492273e+56 2.3958971363854315e+56 2.401420654783162e+56 2.402716672516478e+56 2.402991506095021e+56 2.403080247646964e+56 2.403101135904183e+56 2.403105889735596e+56 2.4031078932599573e+56 2.4031091711015247e+56 2.403110180933397e+56 2.403111040677106e+56 2.4031117931691443e+56 2.4031124584555082e+56 2.403113050781671e+56 2.4031135813766665e+56 2.403114058807458e+56 2.4031144912160186e+56 2.403114884914748e+56 2.4031152440227116e+56 2.4031155728103898e+56 2.4031158730348563e+56 2.403116147359532e+56 2.403116398736226e+56 2.403116631145358e+56 2.403116845637252e+56 2.4031170439734504e+56 2.40311722828764e+56 2.403117400354426e+56 2.4031175599511664e+56 2.4031177092237098e+56 2.4031178480433263e+56 2.4031179789580086e+56 2.4031181075575633e+56 2.403118221244185e+56 2.4031183314880035e+56 2.4031184271443248e+56 2.403118522640196e+56 2.4031186068818773e+56 2.403118692436312e+56 2.4031187655097675e+56 2.4031188409575294e+56 2.4031189049165997e+56 2.4031189710177085e+56 2.4031190260821628e+56 2.4031190840485956e+56 2.403119133680755e+56 2.4031191860720374e+56 2.4031192294635373e+56 2.403119273642919e+56 2.403119310773378e+56 2.4031193533655203e+56 2.4031193861520035e+56 2.4031194210796593e+56 2.403119449964968e+56 2.403119480890452e+56 2.4031195046203233e+56 2.4031195311112104e+56 2.403119552319907e+56 2.4031195755372962e+56 2.4031195952835717e+56 2.403119618507757e+56 2.4031196330217756e+56 2.4031196507646047e+56 2.403119662957067e+56 2.403119679299504e+56 2.4031196903179116e+56 2.4031197040021654e+56 2.4031197130043094e+56 2.403119723574021e+56 2.4031197307533684e+56 2.4031197397431163e+56 2.403119745172871e+56 2.4031197539706773e+56 2.403119759347996e+56 2.403119766668724e+56 2.4031197708221905e+56 2.403119776204371e+56 2.403119779384591e+56 2.4031197842229906e+56 2.4031197865709467e+56 2.403119790241311e+56 2.403119792214542e+56 2.403119795772199e+56 2.403119795772199e+56 2.40311979901572e+56 2.40311979901572e+56 2.4031198011524793e+56 2.4031198011524793e+56 2.403119802088579e+56 2.403119802088579e+56 2.4031198032978337e+56 2.4031198032978337e+56 2.4031198032978337e+56 2.4031198032978337e+56 2.4031198032978337e+56 2.4031198032978337e+56 2.4031198032978337e+56 2.4031198032978337e+56 2.4031198032978337e+56 2.4031198032978337e+56 2.4031198032978337e+56 2.4031198032978337e+56 2.4031198032978337e+56 2.4031198032978337e+56 2.4031198032978337e+56 2.4031198032978337e+56 2.4031198032978337e+56 2.4031198032978337e+56 2.4031198032978337e+56 2.4031198032978337e+56 2.4031198032978337e+56 2.4031198032978337e+56 2.4031198032978337e+56 2.4031198032978337e+56 2.4031198032978337e+56 2.4031198032978337e+56 2.4031198032978337e+56 2.4031198032978337e+56 2.4031198032978337e+56 2.4031198032978337e+56 2.4031198032978337e+56 2.4031198032978337e+56 2.4031198032978337e+56 2.4031198032978337e+56 2.4031198032978337e+56 2.4031198032978337e+56 
# SN_energy_per_current_crossing_time_list
0.0 0.0 7.624930269071643e+53 6.64158584757157e+55 8.517436642510429e+55 6.499087540070622e+55 4.73825222615324e+55 2.630262183680194e+55 1.1071405396868627e+55 4.237339309578413e+54 1.9366905121337228e+54 1.2305042193785935e+54 9.748932843737434e+53 8.546166980194608e+53 7.68085907234389e+53 7.020996423529503e+53 6.481130550862915e+53 6.022637456105229e+53 5.6271643328879506e+53 5.282162104498492e+53 4.978499218263172e+53 4.708914081453128e+53 4.467935324570949e+53 4.251210325310466e+53 4.055239324781783e+53 3.877059714108419e+53 3.7144108815088076e+53 3.565333281429888e+53 3.428123212366998e+53 3.301361665006137e+53 3.184079906570518e+53 3.075685071277354e+53 2.973557703940647e+53 2.8784268716030362e+53 2.7897948726306447e+53 2.7066461060491033e+53 2.6284326432561515e+53 2.5542939461562793e+53 2.485231292319676e+53 2.419696277556314e+53 2.357389669545284e+53 2.298405045722078e+53 2.242262191150012e+53 2.1889839483102967e+53 2.1383362763006073e+53 2.090052149552171e+53 2.043960409222022e+53 1.9996190197110086e+53 1.9578462313077894e+53 1.917812502698816e+53 1.8790893322506015e+53 1.8418569298901167e+53 1.8064619785178998e+53 1.772300850208811e+53 1.739505739283774e+53 1.7078549939505746e+53 1.6774490241360519e+53 1.6467844040513855e+53 1.6200286033908961e+53 1.5934555495382236e+53 1.5673825512559298e+53 1.5416359509719779e+53 1.5159464586940066e+53 1.4920162353205098e+53 1.469376435552175e+53 1.4469494197669864e+53 1.4253473338444757e+53 1.4045622898690461e+53 1.3842294082707798e+53 1.364394933884454e+53 1.3453641916722578e+53 1.326901014222161e+53 1.308284580210593e+53 1.291029009440216e+53 1.2742829875012683e+53 1.257549853357878e+53 1.2413371779970526e+53 1.2256052780091894e+53 1.2102754127496475e+53 1.1952481610573731e+53 1.180827526882185e+53 1.1661053931048379e+53 1.1527016489877196e+53 1.1394355461006075e+53 1.126168698226094e+53 1.1131973639704416e+53 1.100622162530217e+53 1.088600653102115e+53 1.0763035103997942e+53 1.0642330857827764e+53 1.0530819921489917e+53 1.0413261276448443e+53 1.0307453535151453e+53 1.0209740119529265e+53 1.0102523451013762e+53 9.996628487124542e+52 9.896025303560882e+52 9.799436327462285e+52 9.700182602812388e+52 9.604852998399069e+52 9.511109263024991e+52 9.417988646658803e+52 9.334923341941827e+52 9.248894468256039e+52 9.161817819907904e+52 9.078988929902878e+52 8.995582127448033e+52 8.913064701204792e+52 8.834114000286223e+52 8.722176301843568e+52 8.314327420130519e+52 7.428250239071596e+52 6.479501614515521e+52 5.75355829774174e+52 5.179479813920831e+52 4.621287126260322e+52 4.084797702120348e+52 3.6638793060717957e+52 3.421290904585677e+52 3.2672159214115117e+52 3.043822174402307e+52 2.808692190546007e+52 2.6358366673529583e+52 2.5410428590539326e+52 2.4104157255698913e+52 2.1964226946846905e+52 1.922258468135769e+52 1.6396494532957255e+52 1.4316747982769995e+52 1.2726949696296534e+52 1.1458307374473193e+52 1.0439314244333043e+52 9.586935218364278e+51 8.870233043406389e+51 8.256356070674944e+51 
# SN_energy_per_final_crossing_time_list
0.0 0.0 1.0237650658371573e+54 1.0567972297072096e+56 1.3296524531926524e+56 9.906306192984973e+55 7.080824156050271e+55 3.86906733818936e+55 1.6078942901098907e+55 6.0893302612654536e+54 2.7583539776185017e+54 1.738965393727332e+54 1.3683591245433435e+54 1.1923728271914877e+54 1.0657300459142555e+54 9.69163655230401e+53 8.904221057634002e+53 8.238463940920778e+53 7.666494369814107e+53 7.169339250422681e+53 6.73306478013046e+53 6.347064491902164e+53 6.003062593143148e+53 5.694546708988135e+53 5.416310780814607e+53 5.1640257689549296e+53 4.9342941913062445e+53 4.724209555284535e+53 4.5312262951106105e+53 4.353378159229507e+53 4.18912247696845e+53 4.037559644038475e+53 3.895120785493152e+53 3.7626939409622448e+53 3.639512572920377e+53 3.524146186547189e+53 3.4157873680826524e+53 3.313331255822096e+53 3.2178942829115693e+53 3.127542673358958e+53 3.041814946563242e+53 2.960773998030757e+53 2.8837221522988965e+53 2.8106905167197135e+53 2.7413246002492526e+53 2.675336872456852e+53 2.612437378207219e+53 2.552004257527218e+53 2.495113561231879e+53 2.4406283923037956e+53 2.38800826757455e+53 2.3374763564629166e+53 2.2895003400562363e+53 2.2432641374697925e+53 2.1988826577929445e+53 2.156111403417351e+53 2.1150794141667955e+53 2.0738497703618718e+53 2.037703686497833e+53 2.001927920431961e+53 1.966857180176435e+53 1.932328641259601e+53 1.8979851250515437e+53 1.8659174953402195e+53 1.8355444895817387e+53 1.8055856272744678e+53 1.7767489834570979e+53 1.7489918666628292e+53 1.721860888185335e+53 1.6954422865958681e+53 1.6701045133434524e+53 1.6455398409852682e+53 1.6208673858229034e+53 1.5979395727361614e+53 1.5757080595670613e+53 1.5535441865300152e+53 1.5320586150388933e+53 1.511222825254141e+53 1.490952388850838e+53 1.4711035559286577e+53 1.4520635673938758e+53 1.4326786063239522e+53 1.4149546092640569e+53 1.3974670280857595e+53 1.380013838795374e+53 1.3629549343003677e+53 1.346423238837967e+53 1.3306476527801744e+53 1.3145445451107997e+53 1.2987449726044636e+53 1.2840886543228602e+53 1.2687494833753639e+53 1.2548518860234422e+53 1.2419857939217084e+53 1.2279555152758101e+53 1.2141576118256076e+53 1.2009966393130105e+53 1.1883860784057675e+53 1.1754920692828575e+53 1.1631226056363491e+53 1.1508954089844208e+53 1.1387870129449082e+53 1.127960628014355e+53 1.1167801749986496e+53 1.1054793433986332e+53 1.0947267157859554e+53 1.0839069651943453e+53 1.0731662457055838e+53 1.062948030413282e+53 1.048071556987562e+53 9.926686873353491e+52 8.766401441098589e+52 7.570049240978531e+52 6.661351090343357e+52 5.948398973859985e+52 5.250960410900206e+52 4.5982603665960356e+52 4.090039273778847e+52 3.809093155842585e+52 3.6200534576053324e+52 3.349636621104527e+52 3.072382927436074e+52 2.8726330458884163e+52 2.764692793202975e+52 2.604992339454015e+52 2.356999484239e+52 2.0378866973398708e+52 1.7213992887599086e+52 1.490155454495682e+52 1.3141561318876019e+52 1.1743108472772617e+52 1.0628346134439639e+52 9.69787429934856e+51 8.919134936043819e+51 8.256356070674944e+51 
# total_energy_release_list
0 0 5.265388506994331e+53 5.487932127323314e+55 1.232654869958583e+56 1.7421521415094237e+56 2.108850464186714e+56 2.4365986466794638e+56 2.746656555897249e+56 3.020978341072325e+56 3.2575189277884743e+56 3.4627552433990393e+56 3.6433729472243923e+56 3.804630323679082e+56 3.95026008917658e+56 4.083059798549823e+56 4.205130620144345e+56 4.318089144920397e+56 4.4232099311137735e+56 4.521516039449031e+56 4.613841354394729e+56 4.700874876663393e+56 4.7831922525588535e+56 4.861279887961317e+56 4.935552855484393e+56 5.006366865455722e+56 5.074031078369271e+56 5.13881484819022e+56 5.200952612318664e+56 5.260651905336973e+56 5.318099080688404e+56 5.373468146255213e+56 5.4268841360566045e+56 5.478484338866275e+56 5.528395512067608e+56 5.576724784118738e+56 5.623568218937121e+56 5.669006778418658e+56 5.713136675655619e+56 5.7560276601980155e+56 5.7977430836426545e+56 5.838347082130976e+56 5.877894689933989e+56 5.916440750219337e+56 5.9540358247231195e+56 5.990725875332691e+56 6.026553542206461e+56 6.0615523293428485e+56 6.0957711754709936e+56 6.1292426913436704e+56 6.161992812037792e+56 6.194049827747928e+56 6.225449131068076e+56 6.2562142259533034e+56 6.286370838503258e+56 6.315940768381814e+56 6.34494817158879e+56 6.373390086056292e+56 6.401336434440896e+56 6.42879197458114e+56 6.4557667678354015e+56 6.4822679439116534e+56 6.508298250457783e+56 6.533888694023834e+56 6.559062753591667e+56 6.583825853624929e+56 6.608193591900122e+56 6.632180587101183e+56 6.655795567423495e+56 6.679048124826085e+56 6.70195339580054e+56 6.724521677065959e+56 6.7467517157030885e+56 6.768667190669779e+56 6.790277894952289e+56 6.811584551168016e+56 6.832596650885234e+56 6.8533229455139726e+56 6.873771316183588e+56 6.8939474117399705e+56 6.913862463401551e+56 6.933511562017099e+56 6.952917662106409e+56 6.972083868462641e+56 6.991010783947668e+56 7.009703703385256e+56 7.028169945551792e+56 7.046419781483306e+56 7.064448825670846e+56 7.082261143265044e+56 7.09987249160879e+56 7.117273421085598e+56 7.134483834995673e+56 7.151517705968814e+56 7.168359233575723e+56 7.185011466770627e+56 7.201483250809358e+56 7.217782055769823e+56 7.233904042185663e+56 7.249856349184285e+56 7.2656409900462385e+56 7.281259563095761e+56 7.296729651238126e+56 7.312046398395596e+56 7.327208153564334e+56 7.342222435414593e+56 7.3570883233482755e+56 7.371806901284551e+56 7.386385335418535e+56 7.41513413916827e+56 7.551279601233484e+56 7.7917436735014114e+56 7.999391575549383e+56 8.182113713105258e+56 8.345279437415216e+56 8.561331713632533e+56 8.75052845881855e+56 8.918814300982548e+56 8.971056378764183e+56 9.07035513916116e+56 9.208176901250291e+56 9.334590980378724e+56 9.413387855583096e+56 9.45130588227229e+56 9.594216760899215e+56 9.755849130270411e+56 1.0035347244380033e+57 1.0271438807010111e+57 1.0475815056094716e+57 1.0656052829366223e+57 1.0817110687794231e+57 1.0962879473888067e+57 1.1095886749566271e+57 1.1218213540224822e+57 1.1331450255209177e+57 
# binding_energy_list
5.0118723362727554e+54 5.0118723362727554e+54 5.0118723362727554e+54 4.977370849789391e+54 4.943106869868384e+54 4.909078761526059e+54 4.886523593428336e+54 4.87528490103389e+54 4.85288500162121e+54 4.8417236758410185e+54 4.830588020397699e+54 4.819477976251271e+54 4.819477976251271e+54 4.808393484497309e+54 4.7973344863668626e+54 4.7973344863668626e+54 4.7863009232263806e+54 4.7752927365769314e+54 4.7752927365769314e+54 4.764309868054127e+54 4.764309868054127e+54 4.753352259428049e+54 4.753352259428049e+54 4.742419852602468e+54 4.742419852602468e+54 4.742419852602468e+54 4.731512589614774e+54 4.731512589614774e+54 4.731512589614774e+54 4.7206304126358996e+54 4.7206304126358996e+54 4.7097732639695484e+54 4.7097732639695484e+54 4.7097732639695484e+54 4.7097732639695484e+54 4.6989410860521225e+54 4.6989410860521225e+54 4.6989410860521225e+54 4.688133821452645e+54 4.688133821452645e+54 4.688133821452645e+54 4.688133821452645e+54 4.6773514128720006e+54 4.6773514128720006e+54 4.6773514128720006e+54 4.6665938031428536e+54 4.6665938031428536e+54 4.6665938031428536e+54 4.6665938031428536e+54 4.6665938031428536e+54 4.655860935229582e+54 4.655860935229582e+54 4.655860935229582e+54 4.655860935229582e+54 4.6451527522275115e+54 4.6451527522275115e+54 4.6451527522275115e+54 4.6451527522275115e+54 4.6451527522275115e+54 4.634469197362846e+54 4.634469197362846e+54 4.634469197362846e+54 4.634469197362846e+54 4.634469197362846e+54 4.623810213992594e+54 4.623810213992594e+54 4.623810213992594e+54 4.623810213992594e+54 4.623810213992594e+54 4.613175745603809e+54 4.613175745603809e+54 4.613175745603809e+54 4.613175745603809e+54 4.613175745603809e+54 4.613175745603809e+54 4.602565735813525e+54 4.602565735813525e+54 4.602565735813525e+54 4.602565735813525e+54 4.602565735813525e+54 4.602565735813525e+54 4.5919801283686756e+54 4.5919801283686756e+54 4.5919801283686756e+54 4.5919801283686756e+54 4.5919801283686756e+54 4.5919801283686756e+54 4.5919801283686756e+54 4.581418867145349e+54 4.581418867145349e+54 4.581418867145349e+54 4.581418867145349e+54 4.581418867145349e+54 4.581418867145349e+54 4.581418867145349e+54 4.570881896148715e+54 4.570881896148715e+54 4.570881896148715e+54 4.570881896148715e+54 4.570881896148715e+54 4.570881896148715e+54 4.570881896148715e+54 4.570881896148715e+54 4.5603691595129506e+54 4.5603691595129506e+54 4.5603691595129506e+54 4.5603691595129506e+54 4.5603691595129506e+54 4.5603691595129506e+54 4.5603691595129506e+54 4.5394161665019953e+54 4.5185594437492354e+54 4.4977985489328656e+54 4.487453899331332e+54 4.466835921509616e+54 4.44631267469112e+54 4.425883723626274e+54 4.4157044735331566e+54 4.405548635065516e+54 4.395416154378252e+54 4.385306977749887e+54 4.3752210515825026e+54 4.3651583224016653e+54 4.3651583224016653e+54 4.3551187368557144e+54 4.335108783875293e+54 4.315190768277633e+54 4.295364267648899e+54 4.285485203974375e+54 4.2756288615158644e+54 4.255984131337409e+54 4.24619563946313e+54 4.236429660495435e+54 4.226686142656007e+54 4.2072662838444635e+54 
# total_gas_kinetic_energy_list
3.366675657656559e+57 1.299342154591677e+59 1.1734229201552588e+59 5.180574022247629e+58 1.773237320192632e+58 5.337564874339431e+57 1.4906535053785943e+57 3.981916501884764e+56 1.0475339829730092e+56 2.878118401525349e+55 9.520402878325788e+54 4.591129377066146e+54 3.215487131222322e+54 2.7255917368673508e+54 2.46538445981355e+54 2.2898493107784264e+54 2.1387269930018433e+54 2.0109382131012324e+54 1.8999265872884555e+54 1.801886583549482e+54 1.7142564859809246e+54 1.639725534486112e+54 1.5691070617915617e+54 1.5098846163038323e+54 1.4527578247335763e+54 1.399497194827116e+54 1.3450963859528584e+54 1.3051832914315621e+54 1.261630407978761e+54 1.2245197062395108e+54 1.1824104632118251e+54 1.1557780868372985e+54 1.1188148504604955e+54 1.0996289252409297e+54 1.0497768117605171e+54 1.0453180351320491e+54 9.88094353500173e+53 1.0063373138427418e+54 9.336397252196987e+53 9.869153861894976e+53 8.81434098637387e+53 9.819971613133305e+53 8.444867130913561e+53 1.0009211136388753e+54 8.041760748837596e+53 1.0467545586376603e+54 7.695611863466296e+53 1.1530380116865384e+54 7.380052043725734e+53 1.3571269934551514e+54 7.137867988466694e+53 1.7215437715902206e+54 6.823895829171806e+53 2.417698955932204e+54 6.6814526005706876e+53 3.8212250100480405e+54 6.3458910602158105e+53 6.55499552946262e+54 6.178591674045854e+53 1.2151493577150186e+55 5.976691977588858e+53 2.4357988530808525e+55 5.721825736161162e+53 5.145092786005287e+55 5.800301207728225e+53 1.1238010435909345e+56 5.384525606711462e+53 2.599035867918753e+56 5.3627477336661835e+53 6.267106905250554e+56 5.244299780383371e+53 1.5577692460920215e+57 4.996666924119887e+53 4.0049087821007796e+57 4.922151491335016e+53 1.0807520937017115e+58 4.924298488955285e+53 2.994311121485588e+58 4.803167264098948e+53 8.449101887043295e+58 4.659959053947321e+53 2.461078884669194e+59 4.674417653038948e+53 7.379434649411274e+59 4.555841423078121e+53 2.308264942770944e+60 4.488382600336482e+53 7.315469718525247e+60 4.331452041755021e+53 2.3953773136091485e+61 4.247275483888806e+53 8.259024732280159e+61 4.223734972216853e+53 2.932518897242848e+62 4.334971103613764e+53 1.0615461830259187e+63 3.97107185254662e+53 3.862658249737576e+63 3.971777007744363e+53 1.4594859610875343e+64 4.021003512192942e+53 5.603556869623618e+64 1.0718551326620385e+54 1.1475749306944294e+65 1.742002621354593e+54 1.258270597568488e+65 3.145374761497401e+64 1.0546575223329732e+65 6.63684636279352e+64 9.195738817544941e+64 8.580572757905528e+64 1.0436356410392289e+65 1.1089711214154293e+65 1.14052282763388e+65 1.1588519317315284e+65 1.1695478406325087e+65 1.1813820954712884e+65 1.1886240306645694e+65 1.194854420458405e+65 1.1955834350761121e+65 1.1976771782654542e+65 1.2007523441056287e+65 1.2032884653282724e+65 1.2047418079198007e+65 1.204402703550986e+65 1.206288992501575e+65 1.207185801788691e+65 1.2099689604649234e+65 1.211649185859084e+65 1.2130267769774579e+65 1.2142385724677608e+65 1.2153120302793263e+65 1.2161836962662554e+65 1.2170123352873383e+65 1.2177591860054828e+65 
