# time_axis
5.999999999999999 7.0 7.30102999566398 7.477121254719661 7.602059991327962 7.698970004336018 7.778151250383643 7.845098040014256 7.903089986991943 7.954242509439324 8.0 8.041392685158224 8.079181246047623 8.113943352306837 8.146128035678238 8.176091259055681 8.204119982655925 8.230448921378272 8.255272505103306 8.278753600952827 8.301029995663981 8.322219294733918 8.342422680822207 8.361727836017593 8.380211241711605 8.397940008672036 8.414973347970816 8.431363764158986 8.447158031342218 8.462397997898956 8.47712125471966 8.491361693834271 8.505149978319904 8.518513939877886 8.531478917042255 8.544068044350274 8.556302500767286 8.568201724066993 8.57978359661681 8.5910646070265 8.60205999132796 8.612783856719735 8.623249290397899 8.633468455579585 8.643452676486186 8.653212513775342 8.662757831681573 8.672097857935718 8.681241237375586 8.690196080028514 8.698970004336019 8.707570176097937 8.716003343634798 8.724275869600788 8.732393759822967 8.740362689494244 8.7481880270062 8.75587485567249 8.763427993562937 8.770852011642143 8.778151250383644 8.785329835010765 8.792391689498254 8.799340549453582 8.806179973983888 8.812913356642854 8.819543935541867 8.826074802700825 8.832508912706235 8.838849090737254 8.845098040014257 8.851258348719075 8.857332496431269 8.863322860120455 8.869231719730976 8.8750612633917 8.88081359228079 8.886490725172482 8.892094602690479 8.897627091290442 8.903089986991942 8.908485018878649 8.913813852383717 8.919078092376072 8.92427928606188 8.929418925714291 8.934498451243567 8.939519252618616 8.944482672150167 8.949390006644911 8.954242509439323 8.959041392321092 8.963787827345556 8.968482948553934 8.973127853599697 8.977723605288848 8.982271233039567 8.986771734266243 8.991226075692493 8.995635194597549 8.999999999999998 9.004321373782641 9.008600171761916 9.012837224705171 9.017033339298779 9.021189299069936 9.02530586526477 9.02938377768521 9.033423755486949 9.041392685158224 9.079181246047623 9.146128035678236 9.204119982655923 9.255272505103305 9.301029995663981 9.361727836017593 9.414973347970816 9.462397997898954 9.477121254719663 9.505149978319904 9.544068044350274 9.57978359661681 9.60205999132796 9.612783856719734 9.653212513775342 9.698970004336017 9.778151250383642 9.845098040014257 9.903089986991944 9.954242509439325 10.0 10.041392685158225 10.079181246047623 10.113943352306835 10.146128035678236 
# total_gas_mass_list
8.765672244410254 10.356781445454994 10.312616922691557 9.95757064159746 9.492005333729967 8.970656104025098 8.416893784748089 7.844124886289919 7.2651248076065995 6.7048417979567 6.223387510756952 5.902678655330603 5.743580935268518 5.668119909349949 5.622128528843023 5.587925357425553 5.556720683056628 5.529270611307936 5.503647045959122 5.479626541554101 5.457115218742116 5.436066027026009 5.415462668254446 5.397981725917424 5.380176664672539 5.3622262957148505 5.344559511471773 5.330587479681457 5.316538843023841 5.301897604674918 5.288249970791569 5.275719391573923 5.264133562541576 5.252502104994294 5.2396755559251424 5.228552047707465 5.220267786715313 5.206037010833911 5.199507851168673 5.187995684954244 5.177857560266927 5.169068726058266 5.16265319487521 5.153896001017444 5.144538386905287 5.136349251019944 5.128103153175938 5.121842832250142 5.1110022361525775 5.109545273640384 5.09897374632519 5.0945408153279015 5.080650005446737 5.073473716165202 5.0755168923175145 5.066230316446918 5.051436839816205 5.052774763856859 5.043482231457683 5.034784169707169 5.030901363057017 5.0233661262231815 5.013368148723145 5.0170171918871596 5.0159805083082345 4.998796498574582 4.99046443240917 4.986248521658983 4.986024985900788 4.978057566463483 4.973302989416517 4.968038005748793 4.956440068628151 4.951378809044501 4.946450955434868 4.944131797602015 4.945608502399709 4.940215296007611 4.933229225791833 4.930294167070838 4.91947606946559 4.921456684325958 4.919110535903149 4.90671303800142 4.9060595443884765 4.904522517600968 4.900805105278908 4.8937407165313385 4.885257899156724 4.874605543152761 4.874940019923578 4.865036999869768 4.871508179410343 4.85974934250378 4.880254412131962 4.860508437287266 4.846795156791449 4.847066693886919 4.8463167718132585 4.842960334065525 4.8482690077597415 5.118674762527397 5.27522785479118 5.392695530033799 5.484970945600612 5.560240783051506 5.625471071879902 5.686773522238296 5.732525772697722 5.813309795219805 6.073656383269825 6.332752104290818 6.476182471729851 6.573943054519834 6.645810237887238 6.725115738323262 6.783814071275554 6.83063608504575 6.844444853756508 6.868348888247468 6.899722191213167 6.925329174877615 6.940222376528758 6.946721814142556 6.971733299592378 6.996173691098938 7.034056910468491 7.061570050058207 7.084788625986016 7.105466446618344 7.1240784883267985 7.140061562203895 7.155077859462289 7.16885053958458 7.181094706502858 
# ejected_gas_mass_list
-10.0 -10.0 4.211367430163294 6.2319542528345035 6.581981909284154 6.731481266054309 6.814661316658986 6.868095193022743 6.906372869065743 6.936466925409059 6.961680582666947 6.983346035093411 7.002222956370555 7.018841099791519 7.033614749910926 7.046935410387557 7.058998281046454 7.070041484144839 7.080207671810957 7.089617673769916 7.098371894549287 7.10655488519374 7.114218793877051 7.121462549177988 7.12830278338781 7.134765998260693 7.140882916596365 7.146732204986819 7.152321084694306 7.157656127658 7.162765983818574 7.167675360061948 7.172404198911155 7.1769590580248535 7.181334431806727 7.185559475517907 7.189668861792002 7.193601555322562 7.197450568141525 7.201160467063276 7.204756006654827 7.2082523813273855 7.21167276047969 7.214996441685864 7.218224209162535 7.221369708265863 7.2244340040397335 7.227435332787267 7.230338566567386 7.233221485152508 7.236008653476677 7.238755390247452 7.241391199206467 7.243973873773779 7.246560857755208 7.249069274853403 7.251475708378492 7.253888618529742 7.25622964781282 7.258512510878028 7.260766729666424 7.2629682738499515 7.265107297263362 7.26726302444772 7.269399874492905 7.271433399866247 7.273424775871333 7.275390530921337 7.277348885834766 7.279258399090702 7.281140823814546 7.282992287428651 7.284783771313737 7.286550961787839 7.288291246123437 7.290016794996122 7.291743412250472 7.2934383372103575 7.295098940496932 7.296744211857963 7.298339006995724 7.299941707779459 7.301527775121864 7.303058750513363 7.304587772930936 7.306105635876325 7.3076043110241775 7.309072212613103 7.310506267430476 7.31190005353116 7.313295312183171 7.314650385768832 7.316028580252641 7.317358098753207 7.318761506969694 7.320081556308322 7.321359281823842 7.322639756563653 7.323913859243321 7.3251734335884535 7.326448239025989 7.327693926789043 7.328857211782073 7.3300477695989015 7.331233797582727 7.332403166785342 7.333590892653817 7.334878329241215 7.335961863659469 7.338168868883883 7.3486903840530955 7.367104716766782 7.382530244257978 7.395923889809823 7.407542562175118 7.422347395795091 7.434787919981344 7.445693117832478 7.449084088340831 7.455148699695419 7.463492481574943 7.4706354406142585 7.474930807173755 7.476838318019249 7.48436871896155 7.492023228455593 7.504480787734477 7.513990815299328 7.522325740283187 7.529990692782527 7.537087383017731 7.5433325082745455 7.549327940914483 7.554936683759936 7.560011724961989 
# stellar_mass_list
-10.0 6.668762231402198 8.268968691902328 8.394257470785725 8.355339075556762 8.323151359804754 8.300127421609961 8.282945425801545 8.2694466225262 8.258564097704845 8.249545642035908 8.241851383276678 8.23521741234274 8.229483783333903 8.224211046903553 8.219321486322173 8.21486784245266 8.210815717147295 8.207075492964103 8.2035956153028 8.20030965161816 8.197234998366657 8.194330211183248 8.19158264342268 8.188968328096989 8.18648287707081 8.184104678611419 8.18183239014958 8.17963921997719 8.177543800815686 8.175516698054318 8.173561827147875 8.171673939032456 8.169857638869194 8.168099956755738 8.166397114220965 8.164744065049346 8.163143100963952 8.16157313678878 8.16005795005492 8.158591003342854 8.15716609111147 8.155768342084215 8.154401852660712 8.153051733997618 8.151758599737326 8.150497957895723 8.149256714103121 8.148046413978038 8.146860473035659 8.14568296248657 8.14453354682186 8.143409093211984 8.142309463196169 8.14122775976614 8.140162873842565 8.139110455217644 8.138086970155129 8.137090956509239 8.136121747748371 8.13514583721471 8.134195356258594 8.133256218766011 8.1323324334699 8.131416602277334 8.130529609483197 8.12965836542591 8.128784785271758 8.127919585226126 8.127073345834146 8.126248486609617 8.125431532887658 8.124621844369686 8.123822029090915 8.12303871345234 8.12226472729275 8.121489975294619 8.120722708960663 8.119977544556138 8.119245083823843 8.118520495729294 8.117795232868138 8.117076120815794 8.116375428466164 8.115687845953646 8.115002468991213 8.114325131550162 8.113687320178135 8.113025387603873 8.112354511700802 8.111687584872056 8.11103761969328 8.110386118331373 8.109740265127918 8.10910339090452 8.108491411877601 8.10783555609328 8.107234756323166 8.10665688578491 8.106108589288 8.105489997580953 8.104894077085243 8.10432527889593 8.103762905342093 8.103189591625762 8.102634915044163 8.102075097813433 8.101512310056593 8.10094923495439 8.099858404872098 8.094716803198613 8.085449295825658 8.077381304128865 8.070105306082672 8.06357587682672 8.054846492729443 8.047066944544412 8.040095722521095 8.037842687867519 8.033749532688859 8.02784030318312 8.022507020050677 8.019109136821008 8.017551272738334 8.011199845033547 8.004299504614817 7.991756493455981 7.981129899436656 7.971829845932392 7.963295924797862 7.955203053866476 7.948249270534476 7.9413597415210635 7.935100454143225 7.9293759580891265 
# remnant_mass_list
-10.0 -10.0 5.1812687218837485 7.2612243380978985 7.553773050925851 7.64746256817443 7.688194042326941 7.71049753586107 7.7251600021832925 7.736004190868805 7.744598997313131 7.751708582783909 7.757761844015162 7.763024362457569 7.767673923214163 7.771832985398814 7.775592393590135 7.7790203898552175 7.782169679329478 7.785079473828189 7.787783733781575 7.790305945637166 7.79266908298981 7.794892794210732 7.7969931645558335 7.798979870303607 7.800864809255035 7.802659303166027 7.804371855003496 7.806007700036015 7.807572847266825 7.809074038922878 7.810516712355192 7.811906876584937 7.813244834457406 7.8145319459259985 7.815775298165964 7.816979283906599 7.818142633029286 7.819271240045309 7.820364810406315 7.82142552018318 7.82245606669776 7.823457149413776 7.824431728527057 7.825379377345035 7.826304002867712 7.827205820077755 7.828084180511278 7.828944989745435 7.82978173687131 7.830600908467577 7.8314005564736915 7.832181264467584 7.832950437552277 7.8336983545051355 7.834428728069539 7.835149993459309 7.835854881967022 7.836541356279713 7.837220624136101 7.837885853996037 7.838535311630912 7.839175171255288 7.839808467677623 7.840425846349094 7.841029584059675 7.841627100044638 7.842218171344485 7.842794888228855 7.843359786061176 7.8439194323854915 7.844474490714141 7.84501657570259 7.845546606734161 7.846068385712897 7.846589217354622 7.847102732917498 7.847604220653541 7.848095492032287 7.848581511590752 7.849066668010472 7.8495460847885425 7.850014232252539 7.850471176766892 7.850924559744378 7.851376703489846 7.851830239110181 7.852273243349416 7.852703627588285 7.853126046985045 7.8535452920471585 7.853965864243961 7.854386478217917 7.854801929456554 7.855202919388445 7.855596300202997 7.85598519622149 7.856373887236707 7.856764359947657 7.857156448313699 7.857539038539824 7.857909052977887 7.858271080762947 7.858630778623884 7.858989916351461 7.859350488485355 7.85971284542218 7.860070199391686 7.860758964850334 7.8640101729317555 7.869743821846643 7.874651207451408 7.87898211114363 7.882797082593513 7.887798053746919 7.892161057082407 7.89600022522131 7.897231683329049 7.8994341326758075 7.902580149732311 7.9053751981936955 7.907144662694442 7.90794507464534 7.911188447569989 7.914648912222962 7.9207879501328735 7.925838708566355 7.930143186509335 7.93401281678343 7.9376076116014005 7.940616835512695 7.943573743007415 7.946206199533339 7.948562563944832 
# BH_mass_list
-10.0 -10.0 4.96407109429102 7.127492810353885 7.37695474704952 7.428182878634476 7.438596838839081 7.44034177208827 7.440573221085851 7.440596767473159 7.440598036288111 7.440598091379893 7.440598091379893 7.440598091379893 7.440598091379893 7.440598091379893 7.440598091379893 7.440598091379893 7.440598091379893 7.440598091379893 7.440598091379893 7.440598091379893 7.440598091379893 7.440598091379893 7.440598091379893 7.440598091379893 7.440598091379893 7.440598091379893 7.440598091379893 7.440598091379893 7.440598091379893 7.440598091379893 7.440598091379893 7.440598091379893 7.440598091379893 7.440598091379893 7.440598091379893 7.440598091379893 7.440598091379893 7.440598091379893 7.440598091379893 7.440598091379893 7.440598091379893 7.440598091379893 7.440598091379893 7.440598091379893 7.440598091379893 7.440598091379893 7.440598091379893 7.440598091379893 7.440598091379893 7.440598091379893 7.440598091379893 7.440598091379893 7.440598091379893 7.440598091379893 7.440598091379893 7.440598091379893 7.440598091379893 7.440598091379893 7.440598091379893 7.440598091379893 7.440598091379893 7.440598091379893 7.440598091379893 7.440598091379893 7.440598091379893 7.440598091379893 7.440598091379893 7.440598091379893 7.440598091379893 7.440598091379893 7.440598091379893 7.440598091379893 7.440598091379893 7.440598091379893 7.440598091379893 7.440598091379893 7.440598091379893 7.440598091379893 7.440598091379893 7.440598091379893 7.440598091379893 7.440598091379893 7.440598091379893 7.440598091379893 7.440598091379893 7.440598091379893 7.440598091379893 7.440598091379893 7.440598091379893 7.440598091379893 7.440598091379893 7.440598091379893 7.440598091379893 7.440598091379893 7.440598091379893 7.440598091379893 7.440598091379893 7.440598091379893 7.440598091379893 7.440598091379893 7.440598091379893 7.440598091379893 7.440598091379893 7.440598091379893 7.440598091379893 7.440598091379893 7.440598091379893 7.440598091379893 7.440598091379893 7.440598091379893 7.440598091379893 7.440598091379893 7.440598091379893 7.440598091379893 7.440598091379893 7.440598091379893 7.440598091379893 7.440598091379893 7.440598091379893 7.440598091379893 7.440598091379893 7.440598091379893 7.440598091379893 7.440598091379893 7.440598091379893 7.440598091379893 7.440598091379893 7.440598091379893 7.440598091379893 7.440598091379893 7.440598091379893 7.440598091379893 7.440598091379893 
# NS_mass_list
-10.0 -10.0 4.776257278289011 6.684522536495822 7.078102244604769 7.245605153386859 7.327348104758416 7.362545050747968 7.374686679248312 7.378128143079431 7.3789742927491 7.379164559272584 7.37920165186942 7.3792117650692965 7.3792137526460095 7.379214184393154 7.3792143692789995 7.379214488383628 7.379214582606506 7.379214662729162 7.379214732720634 7.379214794428721 7.37921484925017 7.379214898224105 7.379214942229689 7.379214982000006 7.379215018130532 7.3792150510874865 7.379215081142094 7.379215108555196 7.379215133559444 7.379215156435992 7.379215177549088 7.37921519699248 7.379215214953226 7.379215231610728 7.379215247151961 7.379215261600743 7.3792152750317666 7.379215287499151 7.3792153018540025 7.37921531811359 7.379215331107452 7.379215345252867 7.379215355865917 7.3792153681529555 7.379215377377416 7.3792153884723755 7.379215396282098 7.37921540611146 7.379215412769042 7.379215421430624 7.379215427019303 7.379215434635401 7.379215439608644 7.379215446525222 7.379215450761419 7.379215456651369 7.3792154603290685 7.37921546605255 7.3792154691510445 7.37921547384002 7.379215476535005 7.3792154807160655 7.379215482892094 7.379215486569539 7.379215488438588 7.379215491643916 7.379215493397018 7.379215496569092 7.379215497839767 7.379215500239712 7.379215501305841 7.379215503514064 7.379215504476544 7.379215506308089 7.379215507092918 7.379215508489327 7.379215509114327 7.379215510295118 7.379215510766414 7.379215511929923 7.379215512396669 7.379215513351337 7.3792155137113715 7.379215514399945 7.379215514674817 7.37921551529239 7.379215515495149 7.3792155159586805 7.379215516128962 7.379215516580933 7.379215516677612 7.379215516936999 7.379215516983307 7.379215517182957 7.379215517182957 7.3792155173408 7.3792155173408 7.379215517530195 7.379215517530195 7.379215517567699 7.379215517567699 7.379215517592663 7.379215517592663 7.379215517602148 7.379215517602148 7.379215517602148 7.379215517602148 7.379215517602148 7.379215517602148 7.379215517602148 7.379215517602148 7.379215517602148 7.379215517602148 7.379215517602148 7.379215517602148 7.379215517602148 7.379215517602148 7.379215517602148 7.379215517602148 7.379215517602148 7.379215517602148 7.379215517602148 7.379215517602148 7.379215517602148 7.379215517602148 7.379215517602148 7.379215517602148 7.379215517602148 7.379215517602148 7.379215517602148 7.379215517602148 7.379215517602148 7.379215517602148 
# WD_mass_list
-10.0 -10.0 -10.0 -10.0 -10.0 3.1530773435606747 4.855653446061231 5.867842226020895 6.2630932662243 6.475013038530308 6.604996703056198 6.693140269462016 6.757675727682197 6.807605818351774 6.847858890699531 6.881282571743414 6.909679193315217 6.934244494167349 6.95580863860668 6.974954126818056 6.992129501708147 7.007650152909745 7.0217832470652395 7.034742416684337 7.046696129365023 7.057759251245628 7.0680466062671385 7.077659177750585 7.086674516966016 7.095147021472003 7.103130610681748 7.110678875491456 7.117835351571115 7.124643545957894 7.131116940148631 7.1372730169431735 7.143155065446597 7.148791707211562 7.154184064399842 7.1593657442931535 7.164340904895494 7.169124501388236 7.173733171729111 7.178174050881293 7.182463872208184 7.186604016312451 7.190614486621744 7.194498793326084 7.1982566256634835 7.20191537390644 7.205449425100451 7.208888128637292 7.212225011347636 7.215464172106513 7.218637661963816 7.221706707463783 7.2246880338984845 7.227617104695008 7.230465367827087 7.233225786032645 7.23594432550308 7.2385943746432595 7.241169972254926 7.243696390267265 7.24618614469413 7.248603122854085 7.250957060561344 7.253277441733463 7.255563782625054 7.257786033184996 7.259954616760115 7.262095176336163 7.26421052542911 7.266269126072931 7.268275030242803 7.270243071315043 7.27220103010412 7.274125166058478 7.2759982256772044 7.277827411590156 7.279631518835094 7.281426979863656 7.283195898041795 7.284918183875514 7.286594475124266 7.288253064357584 7.289902551826714 7.291552562961732 7.2931598857536075 7.294717306034966 7.296241986298072 7.297751394051938 7.299261784784771 7.300768545929353 7.302253124596481 7.3036825707234305 7.305081611977119 7.306461527335741 7.307837577681751 7.309216794001446 7.310598566395146 7.311943838813715 7.3132420627644255 7.314509586189048 7.315766341363262 7.3170185560330525 7.318273188009101 7.3195314346974 7.320769773251065 7.323149492976489 7.334259491833456 7.353378147875187 7.369288953547659 7.383005093634833 7.394847569241495 7.410048979246059 7.423027126998138 7.43423889536489 7.437795351081774 7.444109041478878 7.453025538036213 7.46084945792285 7.465756241751069 7.467964235239772 7.476838972349736 7.486183016358266 7.502456377344589 7.515567620835339 7.526553656233916 7.53628827289659 7.545215692176365 7.55260581410071 7.559795800996766 7.566138597596813 7.571770688850633 
