# time_axis
5.999999999999999 7.0 7.30102999566398 7.477121254719661 7.602059991327962 7.698970004336018 7.778151250383643 7.845098040014256 7.903089986991943 7.954242509439324 8.0 8.041392685158224 8.079181246047623 8.113943352306837 8.146128035678238 8.176091259055681 8.204119982655925 8.230448921378272 8.255272505103306 8.278753600952827 8.301029995663981 8.322219294733918 8.342422680822207 8.361727836017593 8.380211241711605 8.397940008672036 8.414973347970816 8.431363764158986 8.447158031342218 8.462397997898956 8.47712125471966 8.491361693834271 8.505149978319904 8.518513939877886 8.531478917042255 8.544068044350274 8.556302500767286 8.568201724066993 8.57978359661681 8.5910646070265 8.60205999132796 8.612783856719735 8.623249290397899 8.633468455579585 8.643452676486186 8.653212513775342 8.662757831681573 8.672097857935718 8.681241237375586 8.690196080028514 8.698970004336019 8.707570176097937 8.716003343634798 8.724275869600788 8.732393759822967 8.740362689494244 8.7481880270062 8.75587485567249 8.763427993562937 8.770852011642143 8.778151250383644 8.785329835010765 8.792391689498254 8.799340549453582 8.806179973983888 8.812913356642854 8.819543935541867 8.826074802700825 8.832508912706235 8.838849090737254 8.845098040014257 8.851258348719075 8.857332496431269 8.863322860120455 8.869231719730976 8.8750612633917 8.88081359228079 8.886490725172482 8.892094602690479 8.897627091290442 8.903089986991942 8.908485018878649 8.913813852383717 8.919078092376072 8.92427928606188 8.929418925714291 8.934498451243567 8.939519252618616 8.944482672150167 8.949390006644911 8.954242509439323 8.959041392321092 8.963787827345556 8.968482948553934 8.973127853599697 8.977723605288848 8.982271233039567 8.986771734266243 8.991226075692493 8.995635194597549 8.999999999999998 9.004321373782641 9.008600171761916 9.012837224705171 9.017033339298779 9.021189299069936 9.02530586526477 9.02938377768521 9.033423755486949 9.041392685158224 9.079181246047623 9.146128035678236 9.204119982655923 9.255272505103305 9.301029995663981 9.361727836017593 9.414973347970816 9.462397997898954 9.477121254719663 9.505149978319904 9.544068044350274 9.57978359661681 9.60205999132796 9.612783856719734 9.653212513775342 9.698970004336017 9.778151250383642 9.845098040014257 9.903089986991944 9.954242509439325 10.0 10.041392685158225 10.079181246047623 10.113943352306835 10.146128035678236 
# total_gas_mass_list
8.765672244410254 10.356781445454994 10.312616996343902 9.957527483877552 9.491889553463302 8.970543935179148 8.417008435126364 7.8453155680789575 7.27042903605822 6.724612383292632 6.2800784229079545 6.009788631134436 5.884072424568462 5.823704370547106 5.785330789124896 5.7545511436073005 5.727244016110259 5.702252042398397 5.679146863335812 5.65720810450349 5.636596614866644 5.616628667629936 5.5980211161099405 5.580686446945125 5.564428524398863 5.548228056454307 5.532896270601899 5.51863778806936 5.504971097049152 5.491668195264882 5.478077384287344 5.466584730861385 5.455457506830546 5.444704386117317 5.433484402705039 5.421743419090043 5.4118344059251555 5.40312510164249 5.392663017314975 5.384027140725851 5.374802413288687 5.365950531257449 5.357979866201104 5.349267156111873 5.341755471435214 5.333676525415909 5.32609900459113 5.319037144804974 5.310931755872311 5.305933571180787 5.296745347483384 5.290171911432838 5.283205946404838 5.2749433916265005 5.270941899087967 5.262128620544749 5.253707112329881 5.251192802334507 5.242324238624753 5.2337822431491485 5.231234349674968 5.224578298726824 5.2154733340334145 5.211194221257214 5.209369985458808 5.199704924340905 5.1916057472247195 5.189556993324769 5.186778160019624 5.176887911673113 5.169475850454549 5.167757470756707 5.167328780800653 5.157200227724383 5.147870250034242 5.144772299446063 5.145755867666392 5.141125119137422 5.130535603203292 5.123167239313159 5.121635662922623 5.122842877645255 5.118696796591541 5.107538945042391 5.099123361741663 5.096798709051496 5.097901463700214 5.100210630118311 5.089985066833814 5.077657099140919 5.071998806756536 5.071348788397832 5.072982316006323 5.0753166239137455 5.0675374528665005 5.054742989446566 5.04707449085268 5.045070477888583 5.04619661249788 5.0483495270264465 5.049865188952384 5.318934327789055 5.479475023648297 5.594929436801631 5.685890340698524 5.761274032459268 5.825763134226499 5.882192153377987 5.931926564811299 6.013211158793811 6.273766573343574 6.532101674586893 6.675161655402206 6.772481086679601 6.843818709702982 6.9226120043703725 6.981637452598389 7.027852691998028 7.041708883539965 7.065516764729365 7.096991265307704 7.12256235535483 7.137626938559521 7.144220510462806 7.169336084424985 7.193830092056529 7.231854793239937 7.259684637082978 7.283027895180037 7.303761581652033 7.322812534202121 7.338669265487665 7.353896080626465 7.3677247380107875 7.3799785217014575 
# ejected_gas_mass_list
-10.0 -10.0 4.29562808364446 5.907284447186074 6.34276461325667 6.5597928780922405 6.687039409411395 6.771031103742833 6.831596636282884 6.879267581566706 6.918779229358868 6.952219542301892 6.980935134229985 7.005944459308652 7.028009507499935 7.047698300074931 7.0654389548475 7.081562162005052 7.096325888618408 7.109917012885817 7.122499082645945 7.134187182186815 7.145102378936596 7.1553424414479085 7.164986442242991 7.1740792401175835 7.182682087512249 7.190850747735964 7.198623906617695 7.20603283713427 7.213094213675956 7.21986712876859 7.226369361481795 7.232620877074656 7.238626685010355 7.2443926450295555 7.249958780688967 7.255348108161034 7.260542512176074 7.265577986715793 7.270450796856821 7.275173407020723 7.279761992200051 7.284211823802838 7.288543029076451 7.292752047817635 7.296849557197593 7.300844253360673 7.304728384447671 7.308537989254627 7.312230812191329 7.3158407335047215 7.319363719300473 7.322791339770539 7.326165617191439 7.329441852234692 7.3326317383575175 7.335786059748297 7.33884837291952 7.341830533162394 7.3447806979934205 7.347662785380269 7.350464471172632 7.353225232266164 7.355959208137585 7.358609855264793 7.361197188323019 7.363762047951022 7.366295050724939 7.3687512571961244 7.371154340757678 7.373539087927595 7.375909437895817 7.37820563686165 7.380441910981038 7.382655342149119 7.384865361016988 7.38703708744886 7.389142069241628 7.391203868187062 7.393252504125565 7.395298939799115 7.397313076433815 7.399262802706196 7.401168325349145 7.403059073506027 7.404948432609604 7.406840326730746 7.40867298644938 7.4104457706498374 7.412192272889687 7.413931934034856 7.4156724143393316 7.417415652110864 7.419115722085089 7.420757441218686 7.422367058778046 7.423966235930092 7.4255652450765535 7.42716680426643 7.428767729064369 7.430322413387441 7.4318227438642 7.433296179649673 7.434761825230552 7.43622706940387 7.437694113081612 7.439164244688658 7.440623259400111 7.443385146256109 7.456445389444838 7.47902505241085 7.497761389827259 7.513871112645063 7.527711460574777 7.545241944563103 7.560061173297419 7.572746910035169 7.576743561877396 7.583824634385086 7.5936100967188285 7.601924192200985 7.606978014720975 7.609226788430947 7.618000050810665 7.626876811362489 7.641295993021315 7.652350008404555 7.661953068130932 7.670738423982325 7.6790245304451465 7.686078319865389 7.692986710685419 7.6993755757188795 7.705128399653896 
# stellar_mass_list
-10.0 6.668762231402198 8.268423983057577 8.48961111470376 8.521548107672698 8.510293826866876 8.493069313630038 8.478172252418082 8.466282956558501 8.456675366152579 8.448666218466245 8.441797658868031 8.435773413461767 8.430399661102308 8.425543463382885 8.421110759335852 8.417030165595035 8.413247355737719 8.409719754135056 8.40641577742406 8.403306287882586 8.40037266924581 8.39759326237899 8.39495041870557 8.392429640677099 8.390024363471035 8.38772285820596 8.38551411779518 8.383390777630432 8.381347293184191 8.379377954533897 8.377477053390956 8.37563861329074 8.373856021487226 8.372130427079933 8.370461959432761 8.36884082012567 8.36726094176553 8.365729641496213 8.364236406818941 8.362783045474076 8.361367011085205 8.359983848117816 8.358635473930505 8.35731670386069 8.356029173567357 8.354769804213435 8.353536318410791 8.352331752403773 8.351145015758618 8.34998983764914 8.348855193600908 8.347742217115433 8.346653788599983 8.345576513670597 8.344525381653888 8.343497138482183 8.342475089221269 8.341478368355967 8.340503695783172 8.339534569503915 8.33858361487998 8.337655481030152 8.336736923733767 8.33582334856021 8.334934242476885 8.334063025857741 8.333195656120322 8.332335455972713 8.33149833938703 8.330676343430417 8.329857255814966 8.329039868415745 8.328245500513088 8.327469303399132 8.326698173799091 8.325925321896504 8.325163212822963 8.324422317045537 8.323694145972036 8.322968280372544 8.32223998828496 8.321520637447735 8.320822385599623 8.32013798315171 8.31945652223899 8.31877317569034 8.318086369443233 8.31741918594542 8.31677230175852 8.316133306119532 8.315494751734764 8.31485379873513 8.314209566331249 8.313579623889494 8.312970117738898 8.312371028984174 8.311774066171456 8.31117536523016 8.310573704709103 8.30996905475846 8.309380324069856 8.30881198957614 8.308252384908183 8.307694042369329 8.307134086749278 8.306571706562856 8.30600645149186 8.305443967682876 8.304376455600762 8.299257700015922 8.290081732542035 8.28207585193681 8.274891842911934 8.268475198615848 8.259917055291671 8.252263983222836 8.245388086459714 8.243154127579194 8.239122164956497 8.233277947274335 8.227991460564258 8.224613575351649 8.223069432114027 8.216756816881444 8.209878375811387 8.197361293018307 8.186723455453674 8.177423900694727 8.168880142952855 8.160778523183406 8.153852667933318 8.146921237525406 8.140676256974228 8.134962020940604 
# remnant_mass_list
-10.0 -10.0 5.2901444870985905 6.8964135782766345 7.248588997964262 7.399183886283105 7.475933937641241 7.520952470744192 7.550859283816531 7.5728236029816305 7.590107999424135 7.60436143074761 7.616474581082823 7.626989092043011 7.636263714548222 7.644547063453825 7.652023015057949 7.658828916846619 7.665070489518207 7.670826423886097 7.676165931992276 7.681135584862077 7.685784566460306 7.69015256990409 7.69427203602047 7.698160504639842 7.701843284100429 7.705343389968618 7.708677053875417 7.711856854729102 7.714895158953477 7.717803838656512 7.7205948772355 7.723280669997914 7.725861462815291 7.7283390124568445 7.730729896250034 7.733044746920269 7.73527376037168 7.737433881749829 7.7395235748342275 7.741547640562467 7.743513512310499 7.745419241051106 7.747273072420329 7.749073399080252 7.7508253097832 7.752532658763306 7.754191681327941 7.755818571541535 7.757394550797344 7.758935453881177 7.760440504968646 7.76190553698555 7.76334994159518 7.764752850046253 7.766119734028076 7.767472975676938 7.768787451030663 7.770067456242261 7.771335961654503 7.772575615420794 7.773781073161204 7.774969703162756 7.7761481803259125 7.777290529095838 7.7784061221408205 7.7795130733602 7.780607667793477 7.7816687968439116 7.782707480902856 7.783739240241109 7.784766171369841 7.785760511809141 7.7867291128429885 7.7876884462282145 7.788647640117086 7.789590543169335 7.790504428001936 7.791399721825095 7.792290081649789 7.793181104352551 7.794058972190737 7.794908277583887 7.795738469398775 7.796562900583224 7.797387963753305 7.7982151898998175 7.799016574930851 7.799791060769604 7.800554330136785 7.801315321976615 7.802077781189512 7.802842372283683 7.803588198565512 7.8043075477519395 7.8050129840247955 7.805714341278965 7.806416527923985 7.807120731897103 7.807827269024999 7.808510981066375 7.809169473886822 7.809816440857837 7.81046078560229 7.81110583242755 7.811752546274214 7.81240156577407 7.813046099064668 7.814264316177908 7.820040659974997 7.830128375606289 7.838658366194614 7.846107870707506 7.852600584570196 7.861033491494452 7.868365205321708 7.874788864320573 7.876845128720153 7.880511841331194 7.885742697626253 7.890383147999623 7.893306653094658 7.894630138728004 7.899980332581236 7.9056768139070455 7.915726070720966 7.923946920177003 7.93090399104482 7.937118954102702 7.942863550205851 7.947650539718855 7.952346408382606 7.956487468567166 7.96020407651093 
# BH_mass_list
-10.0 -10.0 5.056229945212708 6.65833341576426 6.93265916153248 7.014273129033803 7.039020329773091 7.046202727807539 7.0481195139513515 7.048559422898082 7.048610795788687 7.048621034661138 7.048624713503794 7.048626687828568 7.048628165917832 7.048629452185124 7.048630629672915 7.04863172659462 7.048632756666281 7.0486337291323675 7.048634651211805 7.048635527866737 7.048636363886094 7.048637162335808 7.048637927296705 7.048638662324594 7.048639370344016 7.0486400524376736 7.048640710870619 7.04864134803637 7.048641965462642 7.04864256426237 7.048643144612646 7.048643709805898 7.048644260701349 7.048644798123449 7.0486453218384435 7.048645831584068 7.048646329830262 7.048646818183635 7.048647294912695 7.048647762255194 7.048648219775198 7.048648668063857 7.048649108199604 7.048649539593005 7.048649963588638 7.048650379769417 7.048650788751314 7.048651191136349 7.048651586080813 7.048651976505666 7.048653477692105 7.048653854199847 7.048655309301642 7.048655672834412 7.048657087414469 7.048657440375713 7.048658799912628 7.048659144095691 7.048660468456878 7.048660799113537 7.048662090079873 7.048662413801497 7.048663658752645 7.048663972648854 7.048665200222089 7.048665505921948 7.048666684291912 7.048666982930432 7.048668148270305 7.048668438321916 7.048669558143579 7.048669842159989 7.048670956455533 7.048671233650153 7.048672299118361 7.048672568492272 7.048673628782554 7.048673895902933 7.048674919674839 7.048675175974396 7.048676178976854 7.048676435084317 7.048677431319502 7.048677678558546 7.048678630888006 7.048678872087072 7.048679821738289 7.048680064839068 7.048680997334145 7.0486812281319375 7.048682122794251 7.04868235026325 7.0486832469516045 7.048683476507751 7.048684362021983 7.048684580956473 7.048685425712891 7.0486856398246935 7.0486864828732 7.048686698607202 7.048686698607202 7.048686698607202 7.048686698607202 7.048686698607202 7.048686698607202 7.048686698607202 7.048686698607202 7.048686698607202 7.048686698607202 7.048686698607202 7.048686698607202 7.048686698607202 7.048686698607202 7.048686698607202 7.048686698607202 7.048686698607202 7.048686698607202 7.048686698607202 7.048686698607202 7.048686698607202 7.048686698607202 7.048686698607202 7.048686698607202 7.048686698607202 7.048686698607202 7.048686698607202 7.048686698607202 7.048686698607202 7.048686698607202 7.048686698607202 7.048686698607202 7.048686698607202 7.048686698607202 
# NS_mass_list
-10.0 -10.0 4.90969700548129 6.52173698762285 6.961964567874457 7.1683704875360785 7.275999883112379 7.32273795279692 7.339035937441026 7.344058998743122 7.34546527759945 7.345832688571785 7.345920141739162 7.345947520759589 7.345955309895903 7.345958999047129 7.345961684471651 7.345964003226093 7.345966126219402 7.345968108533772 7.345969975193277 7.34597174158942 7.345973419263691 7.3459750170973 7.345976542763404 7.345978003483222 7.345979405681118 7.345980754367892 7.345982053759528 7.345983307967113 7.3459845205843335 7.345985694782074 7.345986832661082 7.345987937177767 7.345989011256532 7.345990057241049 7.345991076770108 7.34599207018285 7.345993038934539 7.345993985319209 7.34599491016382 7.34599581504631 7.345996700920616 7.345997568267378 7.345998418512934 7.345999252118229 7.346000070087132 7.346000873087237 7.346001661597595 7.346002436557184 7.34600319798343 7.346003947475514 7.346005000431161 7.346005993067185 7.346007144402303 7.3460081773012424 7.346009284876454 7.3460102872071 7.346011357322044 7.346012326915012 7.346013365800758 7.346014305471505 7.346015315084575 7.346016229918863 7.346017208694416 7.346018095429632 7.346019051459888 7.346019918102212 7.3460208454125695 7.346021686053637 7.346022592909973 7.346023415323409 7.346024296146117 7.346025094826216 7.346025959090732 7.346026743909957 7.346027583708437 7.346028344252585 7.3460291664243345 7.346029914857906 7.346030719321901 7.3460314475751325 7.346032230570373 7.346032943169786 7.346033716663721 7.346034418975904 7.3460351699725015 7.346035849888815 7.346036585568035 7.346037257878132 7.346037986314288 7.346038645960577 7.346039350669315 7.346039989005266 7.346040681881134 7.3460413159857385 7.346042005532196 7.346042630653387 7.34604329760443 7.346043900937519 7.346044553742682 7.346045150437961 7.346045499170091 7.346045688730695 7.346045750428648 7.346045755215407 7.346045755215407 7.346045755215407 7.346045755215407 7.346045755215407 7.346045755215407 7.346045755215407 7.346045755215407 7.346045755215407 7.346045755215407 7.346045755215407 7.346045755215407 7.346045755215407 7.346045755215407 7.346045755215407 7.346045755215407 7.346045755215407 7.346045755215407 7.346045755215407 7.346045755215407 7.346045755215407 7.346045755215407 7.346045755215407 7.346045755215407 7.346045755215407 7.346045755215407 7.346045755215407 7.346045755215407 7.346045755215407 7.346045755215407 
# WD_mass_list
-10.0 -10.0 -10.0 -10.0 -10.0 3.279769695895033 4.991717154428823 6.016285771366649 6.4066762532065304 6.615928107294025 6.746258083335717 6.835975647127517 6.902400856733178 6.954203332714744 6.996212735321954 7.03125954465537 7.061152586783843 7.08709659337454 7.109931260887489 7.130247786732845 7.148507803005468 7.165030991871048 7.180101973332197 7.1939415475058 7.20672404133706 7.218561239322329 7.229576795401474 7.239877013400655 7.249540257332182 7.258628554059217 7.267198812655144 7.275302733422249 7.28298908250098 7.290304923772644 7.297262235587616 7.303876077900122 7.310199547027028 7.316267986519688 7.322062363786811 7.327632736879186 7.3329802800333415 7.33812199819764 7.34308087515949 7.347855703607591 7.352470490445135 7.356924233317072 7.361232282582936 7.365406540052782 7.369440094390999 7.373374264746397 7.377165521280574 7.380853821901362 7.3844380098301805 7.387911050528011 7.391318924127095 7.394614787552989 7.3978117209582965 7.400964105882274 7.404013220548318 7.40697123269466 7.409890961080316 7.412734097166028 7.415488292642377 7.418194948014928 7.420868739050743 7.42345224621902 7.425966547580094 7.428453855687172 7.43090523958754 7.433274795722195 7.435586921141955 7.4378773678898 7.440150145578031 7.442344975449277 7.444476775193859 7.446582960345895 7.448682943632347 7.450742266027892 7.452732797781851 7.454678417481208 7.456608322605242 7.458535416002673 7.460429237503896 7.462257550589026 7.464040402789316 7.46580736158863 7.467571543793901 7.469336860641093 7.471043079373199 7.472688944048906 7.474307442831104 7.475918260472094 7.477528753445497 7.479140900774572 7.480710159304824 7.482221157837447 7.483699973272266 7.485167921209325 7.4866347589339455 7.48810350235815 7.489574259297552 7.490995287777654 7.492361862283392 7.4937024616130925 7.495035594557987 7.496368107587344 7.497701955111731 7.499038441291763 7.5003636004331495 7.502862600951667 7.514613135073959 7.5347579207299 7.55143898496474 7.565757497998091 7.5780563087926 7.5937908411669275 7.607260815708876 7.6189091935540825 7.622608634776625 7.629171034508888 7.638458128210566 7.646625399055866 7.651737104462013 7.65404277550495 7.663310911871707 7.673088449854253 7.69011841731208 7.703851144750388 7.715339256826547 7.725502283150135 7.734815223964825 7.742518037701357 7.750024577951068 7.7566043599308765 7.762478564621796 
