# time_axis
5.999999999999999 7.0 7.30102999566398 7.477121254719661 7.602059991327962 7.698970004336018 7.778151250383643 7.845098040014256 7.903089986991943 7.954242509439324 8.0 8.041392685158224 8.079181246047623 8.113943352306837 8.146128035678238 8.176091259055681 8.204119982655925 8.230448921378272 8.255272505103306 8.278753600952827 8.301029995663981 8.322219294733918 8.342422680822207 8.361727836017593 8.380211241711605 8.397940008672036 8.414973347970816 8.431363764158986 8.447158031342218 8.462397997898956 8.47712125471966 8.491361693834271 8.505149978319904 8.518513939877886 8.531478917042255 8.544068044350274 8.556302500767286 8.568201724066993 8.57978359661681 8.5910646070265 8.60205999132796 8.612783856719735 8.623249290397899 8.633468455579585 8.643452676486186 8.653212513775342 8.662757831681573 8.672097857935718 8.681241237375586 8.690196080028514 8.698970004336019 8.707570176097937 8.716003343634798 8.724275869600788 8.732393759822967 8.740362689494244 8.7481880270062 8.75587485567249 8.763427993562937 8.770852011642143 8.778151250383644 8.785329835010765 8.792391689498254 8.799340549453582 8.806179973983888 8.812913356642854 8.819543935541867 8.826074802700825 8.832508912706235 8.838849090737254 8.845098040014257 8.851258348719075 8.857332496431269 8.863322860120455 8.869231719730976 8.8750612633917 8.88081359228079 8.886490725172482 8.892094602690479 8.897627091290442 8.903089986991942 8.908485018878649 8.913813852383717 8.919078092376072 8.92427928606188 8.929418925714291 8.934498451243567 8.939519252618616 8.944482672150167 8.949390006644911 8.954242509439323 8.959041392321092 8.963787827345556 8.968482948553934 8.973127853599697 8.977723605288848 8.982271233039567 8.986771734266243 8.991226075692493 8.995635194597549 8.999999999999998 9.004321373782641 9.008600171761916 9.012837224705171 9.017033339298779 9.021189299069936 9.02530586526477 9.02938377768521 9.033423755486949 9.041392685158224 9.079181246047623 9.146128035678236 9.204119982655923 9.255272505103305 9.301029995663981 9.361727836017593 9.414973347970816 9.462397997898954 9.477121254719663 9.505149978319904 9.544068044350274 9.57978359661681 9.60205999132796 9.612783856719734 9.653212513775342 9.698970004336017 9.778151250383642 9.845098040014257 9.903089986991944 9.954242509439325 10.0 10.041392685158225 10.079181246047623 10.113943352306835 10.146128035678236 
# total_gas_mass_list
8.765672244410254 10.356781445454994 10.250713655073081 9.819770205733791 9.304377996098166 8.749586145799514 8.172953886143898 7.585926786291317 7.004814070064057 6.47163294441661 6.070294921252022 5.85019923085799 5.751268063847415 5.700276431509799 5.665087299055787 5.635667915293727 5.6091744732048605 5.5848095988683815 5.5622252644340495 5.54061854968737 5.520381187944879 5.500590743805326 5.482377484274794 5.465418288251404 5.449453157718359 5.433253176306102 5.418184536411059 5.404236805763565 5.390714999875993 5.377505730839458 5.363822533834393 5.3529848937463775 5.341930641468012 5.331376473795105 5.319772484642052 5.308024491326495 5.298656653984888 5.290370686833949 5.279203347838673 5.271190748616487 5.261754765258059 5.2530489316867905 5.245369213271331 5.236345695350941 5.229261944327284 5.220975576413347 5.213528278432368 5.206649475800099 5.1981872964085305 5.194184036821309 5.1836526853005 5.177939810970959 5.170558025563897 5.162220907150978 5.159605269597427 5.149107671227797 5.141004118194197 5.1401097028526 5.129282950945631 5.121012371076469 5.1201213021608645 5.112237154999174 5.102456519788365 5.099574012255964 5.098492379529442 5.08641443316472 5.078881945559415 5.07862989722643 5.075575698834806 5.063508348727231 5.0569518539969645 5.057024760649258 5.056814083676353 5.043679033650853 5.0348282842353145 5.033651840943474 5.035610150434248 5.029215496492784 5.016886214336138 5.0107616015625345 5.010811037792353 5.012783575193681 5.007067740209059 4.993781858257361 4.986586673967469 4.985795434088244 4.987678269450176 4.990312180806513 4.976343090842323 4.963748628737126 4.960204015763065 4.960830390832993 4.96292876044284 4.965528296840951 4.954618551322396 4.940602785041608 4.934636297704254 4.934167289361889 4.936070627731362 4.938467881226547 4.939593247497143 5.234325150665764 5.403668648614097 5.523847461839626 5.6178775657086835 5.695409483098693 5.76146253195895 5.819073033793333 5.869672570761612 5.951884062540848 6.215119071241025 6.474915843511287 6.61856099326966 6.716086794592858 6.787602522739945 6.866569130176577 6.925707374788294 6.971996427937026 6.985883063577548 7.009711570090474 7.0412250571257315 7.066841790317708 7.081918338442337 7.088485955872822 7.113657644263617 7.138188288995867 7.1762583184773385 7.204110572547024 7.22747595860847 7.248229311085601 7.267303242982184 7.283172479066552 7.298473679741342 7.312245446192223 7.324521777286626 
# ejected_gas_mass_list
-10.0 -10.0 4.295628103170329 5.907284574707392 6.3241359357474725 6.52773762793295 6.647016288345577 6.726481529010388 6.784380496177715 6.830516450172533 6.869029488678845 6.901709552570353 6.929824662147242 6.954353053490316 6.976033592738999 6.995411557415361 7.012897177041093 7.028808059099544 7.043392290139687 7.056828410569119 7.069276363489663 7.080845506929748 7.09165733528271 7.101807204396671 7.111371202666096 7.120390009342791 7.1289269716718255 7.137037193330489 7.144756825097075 7.152116324442416 7.159130533341863 7.16586444424275 7.172330116130633 7.178549072077781 7.184519686102035 7.190253178178068 7.195791975140082 7.2011583016922245 7.206325358869763 7.21133885336368 7.216189200173843 7.2208912895185025 7.225461907478266 7.229892389462747 7.234207525697994 7.238399846570669 7.242481819853887 7.246462525767715 7.25033129886691 7.254130881316172 7.257807651061786 7.261406105445695 7.264915082767696 7.268330010778292 7.271698029310832 7.274960612846366 7.278139225011753 7.2812882732518585 7.2843379461497495 7.287309421632881 7.290254675484871 7.293127635086245 7.295918360364146 7.2986729818109595 7.301403454001307 7.3040426704785775 7.306620972550217 7.309182575442796 7.311711363473088 7.314156809038347 7.316552225872666 7.318934901725411 7.321303430638283 7.323589116648089 7.325817085005342 7.3280277009106864 7.330237036176435 7.332403140002904 7.334498310544456 7.336554292061079 7.338600818652085 7.340646997433407 7.342657014098247 7.344597625097702 7.346497928133681 7.348386515939215 7.350275078783955 7.3521668785615315 7.353990976512004 7.355755629590983 7.3574988840257145 7.359237670026801 7.360977893408204 7.362721556566422 7.364415247588132 7.366048881633644 7.367654228212396 7.369251939384203 7.370850773245381 7.372452543734086 7.374052561336955 7.375600884962702 7.3770942483178565 7.378563653599075 7.3800281263015695 7.3814934703742985 7.382960774226643 7.38443102600181 7.385888513984149 7.388637013110172 7.401677666001724 7.424225616326519 7.442949082108793 7.459031104196186 7.47285954240838 7.490377340688208 7.505186795066298 7.517863177899094 7.52185979249081 7.528931885703401 7.538709439526693 7.547022245667493 7.552070658856299 7.554306418506587 7.563083349023637 7.571958205265643 7.586371418616699 7.597417620874035 7.6070158918923605 7.615797381328635 7.624082427233668 7.631132696632131 7.638066425874283 7.644421484747091 7.650178053753626 
# stellar_mass_list
-10.0 6.668762231402198 8.268423983057577 8.457765366661079 8.470793396604805 8.453796294130303 8.435729255371683 8.421165823666731 8.409702755022238 8.400415088100782 8.392629528447907 8.385919540751845 8.380012187925171 8.374728228492014 8.36994326326918 8.365568722438969 8.36153636843245 8.35779426876767 8.354301505207443 8.351027959550578 8.34794491349863 8.345035149249737 8.342276618798994 8.339652189237217 8.337147891025246 8.334758162133314 8.33247065482846 8.330274334471728 8.328162416754068 8.326129595596136 8.324170204372653 8.32227843518167 8.320448255605143 8.318673051309052 8.316955033995452 8.31529417430855 8.313679303640443 8.312104779634321 8.310579848979481 8.309091553409054 8.307643524444075 8.30623236968158 8.30485340801414 8.303509664393681 8.302194682976456 8.300911165203201 8.299655511062975 8.298425274273303 8.297224547159841 8.296039931052375 8.294888963131772 8.293756825356422 8.292646635175483 8.291561364366093 8.290485343914701 8.289437785842114 8.288412295252563 8.287390979333487 8.286397548891397 8.285425613134228 8.284457201835412 8.283508457555893 8.282583221185265 8.281665956970443 8.28075277891101 8.279866818321763 8.278997998181657 8.27813101642856 8.277271470725065 8.276437401759686 8.27561749668746 8.274798465682775 8.273981091782845 8.273189817876917 8.272416124304533 8.271645331059112 8.270872026571901 8.270111295425947 8.269373344808718 8.268646697132702 8.26792083941463 8.267192077572984 8.26647392790392 8.265778567542144 8.265095755092162 8.264414472666054 8.263730740094761 8.263043418543537 8.262378917612667 8.26173460864266 8.261096398170713 8.260457792242805 8.259816400870749 8.259171706611541 8.25854370123007 8.257936710020552 8.257338826063497 8.256742053126493 8.256143017047428 8.255540907607614 8.254935809774247 8.25434961329286 8.25378387979284 8.253225511863263 8.252667393238822 8.252107255508403 8.25154462016516 8.250979077498977 8.25041696723216 8.249354380846825 8.244241647509467 8.23507514989697 8.227072610462452 8.219895724779684 8.213484853368593 8.204930171421715 8.197279927225578 8.190407226100755 8.188172380475827 8.184144849717818 8.178303349538757 8.173015527446712 8.169641561621287 8.168097551538098 8.161786415217472 8.154907230299711 8.142391964006041 8.131755892343286 8.122458152980835 8.113915972707936 8.105813579132937 8.098889296016054 8.091957329524783 8.085714573476787 8.079999250550335 
# remnant_mass_list
-10.0 -10.0 5.2901444554867165 6.896413547749197 7.2256242202299035 7.361390641693391 7.430565570337785 7.471865527971414 7.499896404038925 7.520848689622757 7.537533895385603 7.551391652625905 7.563221985260922 7.573523701181582 7.582632452620742 7.59078261146966 7.598149723476547 7.60486504112543 7.611030094342522 7.616720099610227 7.62200285225339 7.6269221054248 7.631527320343093 7.635856955482454 7.639942344923813 7.643799144704033 7.647453585456687 7.650928587404183 7.654239337647572 7.657397949749675 7.660416634325497 7.663307363225199 7.666082175881009 7.668753383710449 7.671319625409878 7.67378281296777 7.676161591286595 7.678465907125504 7.680683020598286 7.682833576321753 7.684913309950761 7.6869282210066405 7.68888643941379 7.690783695186459 7.6926307313709374 7.694423740137593 7.696169172489832 7.697870485120248 7.699523022386323 7.701145596319278 7.702714719843732 7.704250923015642 7.70575086110201 7.707210347342459 7.70865181943803 7.710048705900363 7.711410700080545 7.712761935725802 7.714070912245183 7.715346175554887 7.716612659358301 7.717848369085312 7.719048998695946 7.720234987163861 7.721412019553785 7.7225493622869825 7.723660933516563 7.724766544619923 7.725859413423146 7.726915802232781 7.727951000623615 7.728981938890609 7.730008091253505 7.730997749713396 7.731962406209345 7.732920630485739 7.73387971727202 7.734820206721187 7.735729685727897 7.73662242028316 7.737512124410945 7.738403149301688 7.739278889532499 7.740123942859285 7.740951562105164 7.741775216394296 7.742600201619861 7.743427517080011 7.744225051678335 7.744995871924409 7.745757691152237 7.746518226635112 7.747280672833287 7.748045332164412 7.748788298478794 7.749504148211882 7.750207684365468 7.750908330885401 7.751610420727508 7.752314702469485 7.753021293522823 7.753701811160772 7.754357004212369 7.755002317964113 7.755646193589872 7.756291245124052 7.75693809962371 7.7575871544930095 7.7582310076821965 7.759443076263656 7.765210676015819 7.775284783902145 7.783808801655456 7.791248845947083 7.797734066314552 7.806161620203528 7.8134889995411445 7.819908351988713 7.821965023513604 7.825626897298094 7.830854338891172 7.8354952078431594 7.838414685654494 7.839737825791002 7.845085934413253 7.8507820534372454 7.86082817357868 7.869046314709026 7.876000947196173 7.882213818956001 7.8879581401608005 7.892743339078101 7.8974389178723925 7.90157787071078 7.905294677700459 
# BH_mass_list
-10.0 -10.0 5.056229945212708 6.658333415764259 6.904764690628887 6.969422031882998 6.987381249937332 6.99225772925744 6.993472112557445 6.993721418535221 6.993743566674308 6.993750055136798 6.993752630267301 6.993754181587652 6.9937554168776614 6.9937565153171315 6.993757528262312 6.993758474860304 6.993759365436775 6.993760207423952 6.993761006743294 6.9937617672671255 6.993762493163659 6.9937631867229095 6.9937638517963885 6.993764491398341 6.993765107913874 6.993765701855052 6.993766275541001 6.993766831094538 6.993767369616679 6.993767892005368 6.993768398191279 6.993768891901269 6.9937693732027215 6.993769842948115 6.993770300308009 6.9937707454613465 6.993771181114995 6.993771608535109 6.993772025104347 6.993772434058087 6.993774005591276 6.9937743978118725 6.993775911150339 6.993776288570642 6.993777746803698 6.993778111098783 6.993779517442497 6.993779869915166 6.993781227443052 6.993781569941259 6.993782882783287 6.993783212706162 6.993784486549992 6.993784804743948 6.99378604685909 6.993786355587884 6.9937875456213625 6.993787848018496 6.993789006359783 6.993789295746693 6.99379042990441 6.993790713501811 6.9937918024501435 6.993792077896947 6.993793156947456 6.993793424172285 6.993794455579149 6.993794718055981 6.993795741637606 6.993795995131876 6.993796975744275 6.993797225481526 6.993798205780121 6.993798447959058 6.9937993798635025 6.993799616514319 6.99380055009548 6.993800784340569 6.9938016785247745 6.993801903024326 6.993802784784959 6.993803010331589 6.993803884522537 6.993804100413037 6.993804934332611 6.993805146288779 6.993805982305026 6.993806196476565 6.993807010952954 6.993807212416828 6.993807997179656 6.993808197293878 6.993808986993956 6.99380918928417 6.993809964015263 6.993810155021871 6.993810894912938 6.993811083109623 6.993811825446755 6.993812015515903 6.993812015515903 6.993812015515903 6.993812015515903 6.993812015515903 6.993812015515903 6.993812015515903 6.993812015515903 6.993812015515903 6.993812015515903 6.993812015515903 6.993812015515903 6.993812015515903 6.993812015515903 6.993812015515903 6.993812015515903 6.993812015515903 6.993812015515903 6.993812015515903 6.993812015515903 6.993812015515903 6.993812015515903 6.993812015515903 6.993812015515903 6.993812015515903 6.993812015515903 6.993812015515903 6.993812015515903 6.993812015515903 6.993812015515903 6.993812015515903 6.993812015515903 6.993812015515903 6.993812015515903 
# NS_mass_list
-10.0 -10.0 4.909696929571508 6.521736915284773 6.943557755202898 7.135454308655507 7.23397757321695 7.273846581796759 7.286303915215962 7.289832228086251 7.290756156560867 7.290987438216372 7.291039024178417 7.291056380874266 7.2910613830853475 7.291064253573498 7.291066489880213 7.291068469718247 7.291070297430263 7.291072009659129 7.29107362497123 7.291075155465098 7.2910766105652405 7.291077997491572 7.291079322733085 7.291080592554918 7.291081812412521 7.291082986363858 7.291084117943298 7.291085210750969 7.291086267811424 7.291087291809298 7.2910882843303595 7.2910892482258784 7.29109018605419 7.2910910997858345 7.29109199054227 7.2910928583535775 7.291093704844151 7.291094532251726 7.291095340880488 7.291096132302706 7.291097237943284 7.291098277148164 7.29109947789598 7.291100553369876 7.29110170046488 7.291102736782026 7.291103842769198 7.291104842825031 7.291105910677923 7.291106877507145 7.291107910777725 7.291108845339993 7.291109845790171 7.29111075002097 7.291111721092766 7.29111259969817 7.29111353703375 7.291114386838678 7.291115296549213 7.291116119215125 7.291117004626004 7.291117806869298 7.291118664283975 7.291119441244067 7.291120280098629 7.291121040207107 7.2911218527531 7.291122589669081 7.291123385320405 7.291124106585113 7.29112487850589 7.291125578751876 7.291126337733147 7.291127026595459 7.29112776243671 7.291128428911447 7.29112915085417 7.291129808327416 7.291130513360913 7.291131151147159 7.291131837789485 7.2911324634891415 7.291133142950149 7.291133759142197 7.291134417139407 7.291135013008948 7.29113565913458 7.2911362504025305 7.2911368893861495 7.29113746703683 7.29113808424373 7.2911386437701315 7.291139252784535 7.291139810834663 7.29114041631421 7.291140964158196 7.29114154808958 7.291142076585424 7.291142649996645 7.2911431748589575 7.2911434819189616 7.2911436488784345 7.291143703239842 7.291143707457465 7.291143707457465 7.291143707457465 7.291143707457465 7.291143707457465 7.291143707457465 7.291143707457465 7.291143707457465 7.291143707457465 7.291143707457465 7.291143707457465 7.291143707457465 7.291143707457465 7.291143707457465 7.291143707457465 7.291143707457465 7.291143707457465 7.291143707457465 7.291143707457465 7.291143707457465 7.291143707457465 7.291143707457465 7.291143707457465 7.291143707457465 7.291143707457465 7.291143707457465 7.291143707457465 7.291143707457465 7.291143707457465 7.291143707457465 
# WD_mass_list
-10.0 -10.0 -10.0 -10.0 -10.0 3.2797696958950326 4.991717135561711 6.012540891615429 6.3858229665071855 6.5832553594076115 6.706543159995735 6.792060104690925 6.855872837620688 6.905960556445194 6.946780822163746 6.9809632920791875 7.010206249861222 7.035645968924199 7.058079603794706 7.078069044612644 7.096059866151641 7.112354804997753 7.127234091861268 7.140910617415474 7.15355240329144 7.165263516837748 7.176168890178743 7.186373243742236 7.195950904954004 7.204961847310395 7.213461968243545 7.221502767582237 7.229132744185836 7.236398363114501 7.243307024790535 7.249874074470844 7.256157874522096 7.2621917087271965 7.267948812126094 7.273488713788217 7.278805456674575 7.283919043503182 7.288853184069526 7.293602360347977 7.2981953813660665 7.3026271330735 7.306915009091214 7.311071120554629 7.315085162711822 7.319005912822329 7.322777343710234 7.326451783867596 7.330021611241407 7.333479438060815 7.336878568327244 7.340158506154373 7.343342409174258 7.346488527468455 7.349523457045217 7.352469117764536 7.355382917842114 7.3582157405470925 7.360957777377672 7.363657289617251 7.366326767608316 7.368897929917856 7.371402262360231 7.373885635707901 7.376332312823393 7.378690446379068 7.380994076516787 7.383281939623561 7.385552295689264 7.387736090653766 7.389858603517893 7.391961728656054 7.394060906228591 7.396114360996429 7.3980947836275615 7.40003432090109 7.401962343541838 7.403888939754839 7.405777724908768 7.407596432600946 7.40937337875575 7.41113826492813 7.412901915517313 7.414667018106095 7.4163646935884895 7.41800241912188 7.419617551854657 7.421227081060585 7.422837260289352 7.424449228344955 7.426012194464712 7.427515559809078 7.428990163817189 7.430456369493665 7.431922785079799 7.433391436266791 7.434862081412245 7.43627622973287 7.437635708641594 7.43897263544806 7.44030454559545 7.441636812834449 7.442970694771566 7.4443069981368115 7.445630507600811 7.4481164456821345 7.459847312397344 7.479962330349506 7.496630015312707 7.51092917265607 7.523213026846039 7.538936828182164 7.552398350072716 7.564038601863116 7.567738690001392 7.574292306129309 7.583573233946207 7.591741173969761 7.596845811984836 7.599150878237384 7.608415409792234 7.618192353393733 7.635217098965965 7.6489454371565415 7.660429676786577 7.6705894498977605 7.6799021101917715 7.687602187667255 7.695108414249846 7.701684987553586 7.707559637390229 
