# time_axis
1000000 10000000 20000000 30000000 40000000 50000000 60000000 70000000 80000000 90000000 100000000 110000000 120000000 130000000 140000000 150000000 160000000 170000000 180000000 190000000 200000000 210000000 220000000 230000000 240000000 250000000 260000000 270000000 280000000 290000000 300000000 310000000 320000000 330000000 340000000 350000000 360000000 370000000 380000000 390000000 400000000 410000000 420000000 430000000 440000000 450000000 460000000 470000000 480000000 490000000 500000000 510000000 520000000 530000000 540000000 550000000 560000000 570000000 580000000 590000000 600000000 610000000 620000000 630000000 640000000 650000000 660000000 670000000 680000000 690000000 700000000 710000000 720000000 730000000 740000000 750000000 760000000 770000000 780000000 790000000 800000000 810000000 820000000 830000000 840000000 850000000 860000000 870000000 880000000 890000000 900000000 910000000 920000000 930000000 940000000 950000000 960000000 970000000 980000000 990000000 1000000000 1010000000 1020000000 1030000000 1040000000 1050000000 1060000000 1070000000 1080000000 1100000000 1200000000 1400000000 1600000000 1800000000 2000000000 2300000000 2600000000 2900000000 3000000000 3200000000 3500000000 3800000000 4000000000 4100000000 4500000000 5000000000 6000000000 7000000000 8000000000 9000000000 10000000000 11000000000 12000000000 13000000000 14000000000 
# SNIa_energy_release_list
0 0.0 0.0 0.0 0.0 0.0 5.102672165591817e+53 2.083169191528734e+55 5.701800773934705e+55 9.675782230768562e+55 1.3408097526415253e+56 1.6749349336249726e+56 1.9718170438090304e+56 2.2372302768526083e+56 2.476748046690184e+56 2.69488203918655e+56 2.8951396666228672e+56 3.0802471616713853e+56 3.252353097359363e+56 3.413177320767471e+56 3.56411741261481e+56 3.7063249015632417e+56 3.84075958990273e+56 3.968230761314723e+56 4.0894276851539275e+56 4.20494032212487e+56 4.315280539193154e+56 4.420893742585569e+56 4.522167509595977e+56 4.619444459123494e+56 4.713031617476102e+56 4.803214116240566e+56 4.890201461047962e+56 4.974218746006592e+56 5.055472308545437e+56 5.134138606818625e+56 5.210376084823195e+56 5.284318918797041e+56 5.356122549724039e+56 5.425902003912278e+56 5.493762492081533e+56 5.5598086633078945e+56 5.6241308364795525e+56 5.68681860739642e+56 5.747954530087764e+56 5.807613914050364e+56 5.865866594806889e+56 5.922768331901553e+56 5.978397403992495e+56 6.032807360793317e+56 6.086042034483618e+56 6.138147790846457e+56 6.189181096134949e+56 6.239180812684623e+56 6.2881891651487744e+56 6.336241919013043e+56 6.383378026156299e+56 6.429596179853784e+56 6.475003220001865e+56 6.519608907519263e+56 6.563432831707794e+56 6.606487232257204e+56 6.648777562140105e+56 6.6903513696826465e+56 6.7312453104443206e+56 6.771470369965335e+56 6.811052121905596e+56 6.850013807766847e+56 6.888370212687642e+56 6.926137277229433e+56 6.963338929334399e+56 6.999991851495162e+56 7.036095791341498e+56 7.071687205866083e+56 7.106781721212753e+56 7.141382262458238e+56 7.17550409906778e+56 7.20916097605908e+56 7.242365720986533e+56 7.275127832657339e+56 7.30746493844475e+56 7.339370701379426e+56 7.370880264294972e+56 7.401998926811649e+56 7.4327290918489204e+56 7.463079271900531e+56 7.493060858631755e+56 7.522689852092768e+56 7.55196055281639e+56 7.580879779738786e+56 7.609471149410023e+56 7.637721379373419e+56 7.665661204563413e+56 7.693311774500327e+56 7.7206509543549815e+56 7.747683951484102e+56 7.774423488950326e+56 7.8008810932220254e+56 7.827051865175895e+56 7.852946970389656e+56 7.878569568784393e+56 7.903922689556426e+56 7.92903297902753e+56 7.953893841468756e+56 7.978503790629676e+56 8.002873999638013e+56 8.02700297641739e+56 8.050892874820233e+56 8.074554585737206e+56 8.121213710914115e+56 8.34215890313495e+56 8.732342470236566e+56 9.069226750563446e+56 9.365638104966452e+56 9.630300006770778e+56 9.980720545549962e+56 1.0287559010523231e+57 1.0560467974995336e+57 1.0645182311674289e+57 1.0806209786323588e+57 1.1029697946424268e+57 1.1234676696936719e+57 1.1362444426023566e+57 1.1423927465898817e+57 1.1655645661414366e+57 1.1917712560064774e+57 1.2370868828224629e+57 1.2753628996051777e+57 1.3084970911981898e+57 1.3377165193315265e+57 1.3638271509024916e+57 1.3874580092884127e+57 1.409019993304048e+57 1.428850426569619e+57 1.4472071439859412e+57 
# SNII_energy_release_list
0 0.0 1.1728355639346248e+54 4.753505874153906e+55 1.1678010472466043e+56 1.7762349320902816e+56 2.225910714810521e+56 2.471668835495592e+56 2.5726199341334146e+56 2.607874490156625e+56 2.6190039181614203e+56 2.622306112998713e+56 2.623272865243002e+56 2.623542625450476e+56 2.6236493153602366e+56 2.6236853442592526e+56 2.623703519506219e+56 2.62371669584622e+56 2.62372789166305e+56 2.623737980086992e+56 2.6237472684569155e+56 2.6237559026064953e+56 2.6237639761341313e+56 2.623771556537477e+56 2.6237787008655057e+56 2.6237854587621196e+56 2.62379187270197e+56 2.6237979749108107e+56 2.6238037943913484e+56 2.6238093579836857e+56 2.6238146882768325e+56 2.6238198046034624e+56 2.623824723850656e+56 2.623829461145899e+56 2.6238340307924274e+56 2.623838447409223e+56 2.6238427200835236e+56 2.623846854341529e+56 2.6238508611455434e+56 2.6238547525971505e+56 2.6238584710517487e+56 2.6238621959254173e+56 2.6238657540245893e+56 2.623869287090594e+56 2.623872634759893e+56 2.6238759944288384e+56 2.6238791820677907e+56 2.62388238550346e+56 2.6238854277277497e+56 2.623888490127772e+56 2.6238914002365615e+56 2.6238943339665756e+56 2.6238971241634066e+56 2.6238999374899996e+56 2.623902616946336e+56 2.62390531563199e+56 2.623907890784824e+56 2.6239104869284544e+56 2.6239129563741834e+56 2.6239154550732076e+56 2.6239178360229365e+56 2.623920235918027e+56 2.6239225308809267e+56 2.6239248518943287e+56 2.623927063503771e+56 2.623929301052123e+56 2.623931446019973e+56 2.6239336142377103e+56 2.623935682113362e+56 2.6239377780948884e+56 2.623939787988655e+56 2.6239418206537826e+56 2.6239437605384143e+56 2.6239457286298696e+56 2.62394762047435e+56 2.623949537363458e+56 2.62395136668245e+56 2.623953219944593e+56 2.6239550022552736e+56 2.6239568163779587e+56 2.623958550638827e+56 2.62396030391298e+56 2.6239619841157313e+56 2.6239636981700884e+56 2.623965348514061e+56 2.6239670204607973e+56 2.6239686165608224e+56 2.62397023414466e+56 2.623971790703894e+56 2.6239733863494384e+56 2.6239749196767553e+56 2.623976468414214e+56 2.6239779470955155e+56 2.6239794475578126e+56 2.623980894257975e+56 2.6239823799168004e+56 2.62398381189397e+56 2.6239852604106864e+56 2.623986642929659e+56 2.6239880439534834e+56 2.6239893919344605e+56 2.6239907737771216e+56 2.623991457656428e+56 2.6239918148324007e+56 2.6239919610505948e+56 2.6239919723397285e+56 2.6239919723397285e+56 2.6239919723397285e+56 2.6239919723397285e+56 2.6239919723397285e+56 2.6239919723397285e+56 2.6239919723397285e+56 2.6239919723397285e+56 2.6239919723397285e+56 2.6239919723397285e+56 2.6239919723397285e+56 2.6239919723397285e+56 2.6239919723397285e+56 2.6239919723397285e+56 2.6239919723397285e+56 2.6239919723397285e+56 2.6239919723397285e+56 2.6239919723397285e+56 2.6239919723397285e+56 2.6239919723397285e+56 2.6239919723397285e+56 2.6239919723397285e+56 2.6239919723397285e+56 2.6239919723397285e+56 2.6239919723397285e+56 2.6239919723397285e+56 2.6239919723397285e+56 2.6239919723397285e+56 2.6239919723397285e+56 2.6239919723397285e+56 
# SN_energy_per_current_crossing_time_list
0.0 0.0 1.3431523161952733e+54 4.357776605538786e+55 6.674588734334196e+55 6.221445074324182e+55 4.8268559287697355e+55 2.810885220469522e+55 1.3004340405561797e+55 5.795721399221161e+54 2.9440179323872398e+54 1.8767699783643107e+54 1.4487804671628689e+54 1.2348207430605504e+54 1.1064469263720289e+54 1.0073017002818744e+54 9.288697989270308e+53 8.63221403826959e+53 8.068397888446475e+53 7.577251517902671e+53 7.144974490435547e+53 6.761273869703843e+53 6.41823329966468e+53 6.109630955559077e+53 5.830493213530325e+53 5.576633796172249e+53 5.344806979893413e+53 5.132229210615913e+53 4.936444696077255e+53 4.755555915018241e+53 4.58807277986158e+53 4.433142545437715e+53 4.287242539574717e+53 4.151303113893963e+53 4.024517497813581e+53 3.905515832200485e+53 3.7935352266094617e+53 3.687473306644547e+53 3.5884367293303195e+53 3.4945187270730526e+53 3.4051842952353025e+53 3.320782871948739e+53 3.240183784392736e+53 3.163806608857269e+53 3.0909463122813257e+53 3.0217459739807703e+53 2.9554560459224346e+53 2.891899403776199e+53 2.8317402071446634e+53 2.7742629901803804e+53 2.718479416849065e+53 2.665037672660552e+53 2.613998871901178e+53 2.5649254003522547e+53 2.517601077608292e+53 2.472090356692603e+53 2.4281735466830834e+53 2.38422765646964e+53 2.3453847041050826e+53 2.307081318273948e+53 2.2694545553724745e+53 2.2324936224719722e+53 2.1954792820289713e+53 2.1609830682136027e+53 2.1280947507452403e+53 2.095818401867686e+53 2.064578477639405e+53 2.034616775201112e+53 2.0051606371610884e+53 1.976590142603647e+53 1.9490036326670074e+53 1.9223672129048366e+53 1.8954860561976234e+53 1.8705771390621504e+53 1.8462441013092518e+53 1.8221380557905537e+53 1.7986251903627854e+53 1.7759191837900106e+53 1.7536631462209603e+53 1.7319781980999591e+53 1.71101465546552e+53 1.6898145239323597e+53 1.6702836782287238e+53 1.6511053073732996e+53 1.6318505445010263e+53 1.6131225510088047e+53 1.594826646144545e+53 1.5774894422579837e+53 1.5596653705556853e+53 1.5422770237688217e+53 1.5259553567009412e+53 1.5090032799705064e+53 1.4935425578810916e+53 1.4793196238124307e+53 1.463757358716966e+53 1.4485458736821126e+53 1.433839381174114e+53 1.4198207240379136e+53 1.4053982300282237e+53 1.3916756892604305e+53 1.3780019039575764e+53 1.364568686669897e+53 1.351466486195825e+53 1.3385065889654425e+53 1.3256092691570855e+53 1.3134051395702443e+53 1.3012824451749923e+53 1.2892769997186663e+53 1.277837685476291e+53 1.261546959740276e+53 1.2021993853209526e+53 1.0731762087408707e+53 9.351887227371592e+52 8.295195665829951e+52 7.459181872801309e+52 6.644485629973405e+52 5.864077593262278e+52 5.251496602570098e+52 4.901019249498483e+52 4.6761642138655594e+52 4.3503290265017464e+52 4.0089851615433687e+52 3.7593296063014006e+52 3.622791745843405e+52 3.4312258180110475e+52 3.121350872069421e+52 2.723339645067262e+52 2.317000426610069e+52 2.01851728409652e+52 1.7904608162225295e+52 1.6088393313086883e+52 1.4630181551663902e+52 1.3412302894442158e+52 1.2389030716416625e+52 1.1513807718030979e+52 
# SN_energy_per_final_crossing_time_list
0.0 0.0 1.9616874283496285e+54 7.754555979930699e+55 1.1581942120247038e+56 1.0176678978557106e+56 7.524487884123355e+55 4.238017138177083e+55 1.9154802966036482e+55 8.389268952935203e+54 4.202515296712153e+54 2.6480453711449153e+54 2.0238205444756794e+54 1.7098605653731187e+54 1.5201623506602036e+54 1.374218994372896e+54 1.2591076054537684e+54 1.1632459402181155e+54 1.081365536014111e+54 1.0104184972809599e+54 9.482888516873764e+53 8.934062837254018e+53 8.445594991423514e+53 8.008000406964412e+53 7.6137339985646555e+53 7.256554485208192e+53 6.931551634404975e+53 6.634539714468686e+53 6.361886154356648e+53 6.110767430145514e+53 5.8789439721170696e+53 5.665037040201962e+53 5.464299088448689e+53 5.277704923344414e+53 5.104076698828792e+53 4.941540837660657e+53 4.788958192927563e+53 4.644800671835931e+53 4.510411146676916e+53 4.3832566100575165e+53 4.262604745280008e+53 4.148816832833808e+53 4.040404270595237e+53 3.937848465413327e+53 3.840202437949085e+53 3.7476101823963186e+53 3.659090382970642e+53 3.5743821256895984e+53 3.494287644062864e+53 3.4178553274116883e+53 3.343883809735028e+53 3.273114705416165e+53 3.205607727623302e+53 3.1408170568000394e+53 3.0784122268068954e+53 3.0185067752246947e+53 2.960805701910557e+53 2.9032643979690476e+53 2.8521773440764928e+53 2.801963364566606e+53 2.7527321998400054e+53 2.704497375891433e+53 2.6563973786047897e+53 2.6114988172052245e+53 2.568672825818947e+53 2.52676225070615e+53 2.4862574858143368e+53 2.4474042261712335e+53 2.409271608423381e+53 2.372353666250837e+53 2.3367455459380305e+53 2.302365872697228e+53 2.2677770978507836e+53 2.2356773634976284e+53 2.2043830316215402e+53 2.173441588680244e+53 2.143269526401015e+53 2.114146104512005e+53 2.085668539044318e+53 2.0579586457319236e+53 2.0311676009501775e+53 2.0041444637905334e+53 1.9791715549502713e+53 1.9547098916565413e+53 1.9302357632779573e+53 1.9064382554767625e+53 1.8831922681622483e+53 1.8611126406098592e+53 1.8385375239777476e+53 1.816557554394675e+53 1.7958892664191765e+53 1.7745178770776726e+53 1.7549313111475418e+53 1.7368249048390973e+53 1.7172037912104827e+53 1.698064381476226e+53 1.67956804471302e+53 1.6619121299875056e+53 1.6438108775242738e+53 1.6265512981919577e+53 1.6093702464376993e+53 1.5925245504213497e+53 1.5761261283706907e+53 1.5599349755068676e+53 1.5438441974480315e+53 1.5285813926541186e+53 1.5134318013943837e+53 1.4984361875563827e+53 1.4841236785357277e+53 1.4632904767077951e+53 1.3858253639577529e+53 1.2236661012030933e+53 1.056512648460279e+53 9.295843212694907e+52 8.300139340146524e+52 7.326427364340933e+52 6.415233918777624e+52 5.705851923657642e+52 5.313502198464064e+52 5.050029747648883e+52 4.672585053011351e+52 4.285599046490322e+52 4.006961135566763e+52 3.856375205810428e+52 3.6334910640979145e+52 3.2875026747851405e+52 2.8423132630314275e+52 2.400770723073135e+52 2.0782621546220852e+52 1.8327180700561556e+52 1.637726312859814e+52 1.4821885280296205e+52 1.352423379108904e+52 1.2438160396913506e+52 1.1513807718030979e+52 
# total_energy_release_list
0 0 1.1728355639346248e+54 4.753505874153906e+55 1.1678010472466043e+56 1.7762349320902816e+56 2.2310133869761127e+56 2.6799857546484654e+56 3.142800011526885e+56 3.5754527132334815e+56 3.959813670802945e+56 4.2972410466236855e+56 4.595089909052033e+56 4.860772902303085e+56 5.100397362050421e+56 5.318567383445803e+56 5.518843186129086e+56 5.703963857517605e+56 5.8760809890224125e+56 6.036915300854463e+56 6.187864681071726e+56 6.330080804169737e+56 6.4645235660368615e+56 6.5920023178522e+56 6.713206386019434e+56 6.828725780886989e+56 6.939072411895124e+56 7.04469171749638e+56 7.145971303987325e+56 7.24325381710718e+56 7.336846305752934e+56 7.427033920844029e+56 7.514026184898618e+56 7.598048207152491e+56 7.679306339337864e+56 7.757977054227847e+56 7.834218804906718e+56 7.908165773138569e+56 7.979973410869583e+56 8.049756756509429e+56 8.117620963133281e+56 8.183670859233312e+56 8.247996590504141e+56 8.310687894487014e+56 8.371827164847657e+56 8.431489908479203e+56 8.48974577687468e+56 8.546650717405014e+56 8.602282831720246e+56 8.656695850921088e+56 8.709933434720179e+56 8.762042124813033e+56 8.813078220298357e+56 8.863080750174624e+56 8.91209178209511e+56 8.960147234645033e+56 9.007285916941123e+56 9.053506666782238e+56 9.098916176376049e+56 9.14352436259247e+56 9.18735066773073e+56 9.230407468175231e+56 9.272700093021032e+56 9.314276221576974e+56 9.355172373948092e+56 9.395399671017458e+56 9.43498356792557e+56 9.473947422004557e+56 9.512305894801004e+56 9.550075055324322e+56 9.587278717323055e+56 9.623933672148944e+56 9.660039551879911e+56 9.695632934495953e+56 9.730729341687102e+56 9.765331799821695e+56 9.79945546575023e+56 9.833114196003673e+56 9.866320723241807e+56 9.899084649035298e+56 9.931423489083578e+56 9.963331005292406e+56 9.994842248410704e+56 1.0025962624981737e+57 1.005669444036298e+57 1.0087046292361327e+57 1.0117029475192578e+57 1.0146660086237429e+57 1.0175932343520284e+57 1.0204853166088225e+57 1.0233446069086779e+57 1.0261697847787633e+57 1.0289639151658928e+57 1.031729122205814e+57 1.0344631848612956e+57 1.0371666331400903e+57 1.0398407300844296e+57 1.0424866353632712e+57 1.0451038508105555e+57 1.047693501434314e+57 1.0502558960718854e+57 1.0527913463333548e+57 1.0553024436683958e+57 1.0577885656301156e+57 1.0602495751680271e+57 1.0626865971977742e+57 1.0650994948757119e+57 1.0674884847159962e+57 1.0698546558076935e+57 1.0745205683253844e+57 1.096615087547468e+57 1.1356334442576294e+57 1.1693218722903175e+57 1.1989630077306181e+57 1.2254291979110507e+57 1.260471251788969e+57 1.291155098286296e+57 1.3184459947335065e+57 1.3269174284014018e+57 1.3430201758663317e+57 1.3653689918763997e+57 1.3858668669276448e+57 1.3986436398363295e+57 1.4047919438238546e+57 1.4279637633754095e+57 1.4541704532404503e+57 1.4994860800564358e+57 1.5377620968391506e+57 1.5708962884321627e+57 1.6001157165654992e+57 1.6262263481364645e+57 1.6498572065223854e+57 1.671419190538021e+57 1.691249623803592e+57 1.709606341219914e+57 
# binding_energy_list
9.682778562612426e+54 9.682778562612426e+54 9.682778562612426e+54 9.61612278383658e+54 9.527961640236501e+54 9.440608762859264e+54 9.37562006925883e+54 9.332543007969886e+54 9.289663867799439e+54 9.246981739382249e+54 9.204495717531684e+54 9.18332596483583e+54 9.162204901220067e+54 9.141132414702472e+54 9.120108393559115e+54 9.099132726322583e+54 9.078205301781824e+54 9.057326008982017e+54 9.057326008982017e+54 9.036494737223079e+54 9.015711376059534e+54 9.015711376059534e+54 8.994975815300365e+54 8.974287945007545e+54 8.974287945007545e+54 8.9536476554959e+54 8.9536476554959e+54 8.933054837332963e+54 8.933054837332963e+54 8.912509381337514e+54 8.912509381337514e+54 8.912509381337514e+54 8.892011178579445e+54 8.892011178579445e+54 8.871560120379617e+54 8.871560120379617e+54 8.871560120379617e+54 8.85115609830841e+54 8.85115609830841e+54 8.85115609830841e+54 8.830799004185586e+54 8.830799004185586e+54 8.830799004185586e+54 8.810488730080146e+54 8.810488730080146e+54 8.810488730080146e+54 8.810488730080146e+54 8.790225168308896e+54 8.790225168308896e+54 8.790225168308896e+54 8.770008211436303e+54 8.770008211436303e+54 8.770008211436303e+54 8.770008211436303e+54 8.749837752274363e+54 8.749837752274363e+54 8.749837752274363e+54 8.749837752274363e+54 8.749837752274363e+54 8.729713683881166e+54 8.729713683881166e+54 8.729713683881166e+54 8.729713683881166e+54 8.709635899560761e+54 8.709635899560761e+54 8.709635899560761e+54 8.709635899560761e+54 8.709635899560761e+54 8.68960429286302e+54 8.68960429286302e+54 8.68960429286302e+54 8.68960429286302e+54 8.68960429286302e+54 8.669618757582214e+54 8.669618757582214e+54 8.669618757582214e+54 8.669618757582214e+54 8.669618757582214e+54 8.669618757582214e+54 8.649679187756885e+54 8.649679187756885e+54 8.649679187756885e+54 8.649679187756885e+54 8.649679187756885e+54 8.649679187756885e+54 8.629785477669702e+54 8.629785477669702e+54 8.629785477669702e+54 8.629785477669702e+54 8.629785477669702e+54 8.629785477669702e+54 8.629785477669702e+54 8.609937521846052e+54 8.609937521846052e+54 8.609937521846052e+54 8.609937521846052e+54 8.609937521846052e+54 8.609937521846052e+54 8.609937521846052e+54 8.590135215053907e+54 8.590135215053907e+54 8.590135215053907e+54 8.590135215053907e+54 8.590135215053907e+54 8.590135215053907e+54 8.590135215053907e+54 8.590135215053907e+54 8.570378452303692e+54 8.570378452303692e+54 8.570378452303692e+54 8.550667128846876e+54 8.51138038202376e+54 8.472274141405911e+54 8.452788451602891e+54 8.413951416451895e+54 8.394599865193965e+54 8.356030182312423e+54 8.336811846196331e+54 8.317637711026743e+54 8.317637711026743e+54 8.298507675144166e+54 8.279421637123327e+54 8.260379495771817e+54 8.260379495771817e+54 8.241381150129963e+54 8.222426499470695e+54 8.184647881347836e+54 8.165823713585906e+54 8.147042840208421e+54 8.128305161640929e+54 8.109610578538388e+54 8.090958991783846e+54 8.072350302488317e+54 8.053784411990643e+54 8.035261221856194e+54 
# total_gas_kinetic_energy_list
5.335821331044283e+57 2.059531968343368e+59 2.02453851619575e+59 1.0027458213513174e+59 3.830009890212011e+58 1.274376605230101e+58 3.8940217858875654e+57 1.1246567958494616e+57 3.1358454549665116e+56 8.679053743443592e+55 2.537412837570944e+55 8.992113653251977e+54 4.5367110096863965e+54 3.19766443328219e+54 2.6874926420534557e+54 2.4108462377496644e+54 2.212671290324049e+54 2.0510475869794154e+54 1.9132961649711338e+54 1.793308460601571e+54 1.689017185296169e+54 1.5958548772729418e+54 1.5135950120652248e+54 1.4407288999828525e+54 1.3753310515376441e+54 1.3136275439538289e+54 1.2568540689385391e+54 1.205498729739328e+54 1.1582027265592893e+54 1.1145874215743753e+54 1.0734905826719917e+54 1.0364944634898776e+54 1.0006565421641778e+54 9.720883210103081e+53 9.337597733506428e+53 9.155294736062962e+53 8.5053239473212e+53 9.130328081606704e+53 7.879172379563348e+53 9.921726863111689e+53 7.414588829158905e+53 1.2509449148068042e+54 7.00218608372769e+53 1.9753624420727223e+54 6.631194056645544e+53 3.99088864592398e+54 6.293646109026944e+53 9.810497523800446e+54 5.987526314812648e+53 2.744799137845419e+55 5.7141127361804525e+53 8.376770598144091e+55 5.464213278827618e+53 2.737959972575106e+56 5.245987560462682e+53 9.520742264016659e+56 4.994468205445044e+53 3.493750354396265e+57 4.8127958131134515e+53 1.3470028056168328e+58 4.635282499399786e+53 5.502395352566478e+58 4.438584764970133e+53 2.3450424841121794e+59 4.322917309394878e+53 1.0504281833218981e+60 4.1304202207039005e+53 4.91321898832204e+60 4.053242928777416e+53 2.39975383796528e+61 3.885335733729125e+53 1.223849836057076e+62 3.839004800915764e+53 6.495638477939327e+62 3.6718830305163487e+53 3.578552258495489e+63 3.6257589511837324e+53 2.06103435424253e+64 3.5015315686073118e+53 1.2163883716397264e+65 3.408375062221232e+53 7.563609654705151e+65 3.376126709628253e+53 4.794870790963456e+66 3.225414756025223e+53 3.172658389306849e+67 3.193203448663523e+53 2.184043268409659e+68 3.1382941706849394e+53 1.5172008914976823e+69 3.000015320667615e+53 1.1139475867078863e+70 2.986639705945922e+53 8.43639946647522e+70 2.9515290124028963e+53 6.426964019644161e+71 2.812414397583769e+53 5.147561199690067e+72 2.785538649791131e+53 4.271007989738807e+73 2.8052318312545674e+53 3.574974215661087e+74 7.107527506211675e+53 1.687185508239631e+75 1.1257209285622242e+54 4.35072043828076e+75 1.541212348558088e+54 7.779706545988849e+75 1.9582857759717855e+54 1.0667694132688806e+76 4.2436564996029865e+54 1.1242793520036024e+76 7.226318233971275e+75 9.300497950357592e+75 9.166004509627207e+75 9.426403079211682e+75 9.617947651429094e+75 9.742264266858826e+75 9.853332328800591e+75 9.85705699665266e+75 9.896864420249693e+75 9.953735199960409e+75 9.999428170336535e+75 1.0025560794508415e+76 1.0014368451717868e+76 1.0051395424174085e+76 1.0062491661982507e+76 1.0115348949394159e+76 1.0143907427093317e+76 1.016852179009192e+76 1.0190325793736952e+76 1.0210559022286374e+76 1.02260984430076e+76 1.0241830042140148e+76 1.0255831919747805e+76 
