# time_axis
1000000 10000000 20000000 30000000 40000000 50000000 60000000 70000000 80000000 90000000 100000000 110000000 120000000 130000000 140000000 150000000 160000000 170000000 180000000 190000000 200000000 210000000 220000000 230000000 240000000 250000000 260000000 270000000 280000000 290000000 300000000 310000000 320000000 330000000 340000000 350000000 360000000 370000000 380000000 390000000 400000000 410000000 420000000 430000000 440000000 450000000 460000000 470000000 480000000 490000000 500000000 510000000 520000000 530000000 540000000 550000000 560000000 570000000 580000000 590000000 600000000 610000000 620000000 630000000 640000000 650000000 660000000 670000000 680000000 690000000 700000000 710000000 720000000 730000000 740000000 750000000 760000000 770000000 780000000 790000000 800000000 810000000 820000000 830000000 840000000 850000000 860000000 870000000 880000000 890000000 900000000 910000000 920000000 930000000 940000000 950000000 960000000 970000000 980000000 990000000 1000000000 1010000000 1020000000 1030000000 1040000000 1050000000 1060000000 1070000000 1080000000 1100000000 1200000000 1400000000 1600000000 1800000000 2000000000 2300000000 2600000000 2900000000 3000000000 3200000000 3500000000 3800000000 4000000000 4100000000 4500000000 5000000000 6000000000 7000000000 8000000000 9000000000 10000000000 11000000000 12000000000 13000000000 14000000000 
# SNIa_energy_release_list
0 0.0 0.0 0.0 0.0 0.0 3.688775621624209e+53 1.7108751620383445e+55 5.295810719604832e+55 9.812151670102644e+55 1.4449380509409336e+56 1.8811373667771724e+56 2.277464401122167e+56 2.6341544412585934e+56 2.9557548629545672e+56 3.247518338926878e+56 3.5141516365224732e+56 3.759539862404626e+56 3.986808726391589e+56 4.198466227461245e+56 4.396539062446061e+56 4.582683059618789e+56 4.758266538151067e+56 4.924433401885469e+56 5.082150371760751e+56 5.2322405152716765e+56 5.375412398815786e+56 5.512279997869542e+56 5.643376566648377e+56 5.7691701602215786e+56 5.890076827014959e+56 6.00647653209983e+56 6.118674523251126e+56 6.226961506600829e+56 6.331610103776059e+56 6.432860011924459e+56 6.530925295509781e+56 6.625991077663698e+56 6.718249673467195e+56 6.807863649286923e+56 6.894975309662456e+56 6.979720958009883e+56 7.062222468094654e+56 7.1425959211052595e+56 7.220949959118294e+56 7.297384342680813e+56 7.371991393218682e+56 7.444849178322959e+56 7.516049156644486e+56 7.585667962123489e+56 7.653767669702658e+56 7.720408338728658e+56 7.7856574427481625e+56 7.849570702342167e+56 7.912201880120121e+56 7.973599511054562e+56 8.033812446359858e+56 8.092856716713134e+56 8.150824922454263e+56 8.20776007275295e+56 8.263690035110497e+56 8.318636612356756e+56 8.372611049786347e+56 8.425656509419671e+56 8.477818967299068e+56 8.52912280693807e+56 8.579597404353445e+56 8.629272660539482e+56 8.678170909660181e+56 8.726313008266942e+56 8.773726010363297e+56 8.82043324908492e+56 8.866442408440642e+56 8.911785932408803e+56 8.9564889047281e+56 9.000561601178955e+56 9.04402036013502e+56 9.086882447152268e+56 9.129164270585332e+56 9.170879405951068e+56 9.212047056512936e+56 9.25266887793385e+56 9.292773771591182e+56 9.332377340574113e+56 9.371485835783477e+56 9.410108967374991e+56 9.448259435895547e+56 9.485954903012285e+56 9.523196926176653e+56 9.559991158119594e+56 9.59635955061034e+56 9.63229887852503e+56 9.667832408046815e+56 9.70298706076563e+56 9.737753195090621e+56 9.772131255247051e+56 9.806132769890587e+56 9.839770929855915e+56 9.873046346623638e+56 9.905968101830711e+56 9.938542491097421e+56 9.970773724272707e+56 1.0002685375050002e+57 1.0034280675881413e+57 1.006555863877558e+57 1.0096528723777867e+57 1.0127192397418108e+57 1.0157552033763723e+57 1.0187617672503e+57 1.024689667533353e+57 1.0527515861233737e+57 1.102279564934201e+57 1.1450155400003599e+57 1.1825991396122958e+57 1.2161438370690797e+57 1.260543704382009e+57 1.2994085392662076e+57 1.3339669054138254e+57 1.3446903241005075e+57 1.3650786003084297e+57 1.3933691989029883e+57 1.4193112926601152e+57 1.4354810848798004e+57 1.4432618349191127e+57 1.4725821952474132e+57 1.5057392345925246e+57 1.5630648309551941e+57 1.6114743632533508e+57 1.6533796336074423e+57 1.690326849434446e+57 1.7233451757783754e+57 1.7532239475148373e+57 1.780485344001312e+57 1.805556560087557e+57 1.828764032514279e+57 
# SNII_energy_release_list
0 0.0 7.0444421866934845e+53 3.2550535450448076e+55 9.539238232569132e+55 1.6594057282037973e+56 2.2895582737214642e+56 2.727041719763354e+56 2.9693937562425627e+56 3.0863698520062104e+56 3.138017143802526e+56 3.159452431968608e+56 3.167979936129106e+56 3.171321862307888e+56 3.1725998232912684e+56 3.173114136399539e+56 3.1733461749446144e+56 3.173447489769802e+56 3.17349807381196e+56 3.173532197717494e+56 3.173559437161282e+56 3.1735833016424674e+56 3.1736051337720957e+56 3.173625494753034e+56 3.1736446618704166e+56 3.173662805123573e+56 3.1736800480828725e+56 3.1736964841104242e+56 3.1737121896172304e+56 3.173727232442317e+56 3.173741671113559e+56 3.1737555560973194e+56 3.173768931849519e+56 3.1737818368783025e+56 3.1737943067989074e+56 3.173806376926085e+56 3.173818074773715e+56 3.1738294190303623e+56 3.173840432008193e+56 3.1738511399933417e+56 3.173861558232005e+56 3.1738717059075676e+56 3.173881598199717e+56 3.17389124715284e+56 3.1739006680201275e+56 3.1739098707342683e+56 3.1739187213770694e+56 3.1739276399280823e+56 3.173936219123929e+56 3.1739447789092573e+56 3.1739529208333973e+56 3.1739611455676536e+56 3.173968977275004e+56 3.173976887445559e+56 3.1739844238520743e+56 3.173992034605201e+56 3.173999292339895e+56 3.1740066311081224e+56 3.174013621712172e+56 3.1740206983176207e+56 3.174027450042544e+56 3.174034274955151e+56 3.174040793301217e+56 3.174047397625382e+56 3.1740536997995648e+56 3.1740600834281664e+56 3.1740661945084894e+56 3.1740723925731678e+56 3.1740783130660946e+56 3.174084318098085e+56 3.1740900700695237e+56 3.174095906119025e+56 3.1741014831851124e+56 3.174107142939084e+56 3.1741125742577366e+56 3.174118095514823e+56 3.174123375500162e+56 3.174128730467468e+56 3.174133866812894e+56 3.174139099316886e+56 3.1741441146584624e+56 3.1741492026447926e+56 3.17415407432019e+56 3.1741590366684316e+56 3.1741638105760593e+56 3.174168669683032e+56 3.1741733197720562e+56 3.1741780375622346e+56 3.174182564639127e+56 3.1741871939957256e+56 3.174191652210833e+56 3.1741961829317816e+56 3.174200515718281e+56 3.1742049121185464e+56 3.1742091354057788e+56 3.1742134614887996e+56 3.1742176375888655e+56 3.1742218901889644e+56 3.1742259590227782e+56 3.1742300850273187e+56 3.174234043092804e+56 3.174238090576019e+56 3.174240342981312e+56 3.174241569831779e+56 3.1742420816900124e+56 3.174242121867099e+56 3.174242121867099e+56 3.174242121867099e+56 3.174242121867099e+56 3.174242121867099e+56 3.174242121867099e+56 3.174242121867099e+56 3.174242121867099e+56 3.174242121867099e+56 3.174242121867099e+56 3.174242121867099e+56 3.174242121867099e+56 3.174242121867099e+56 3.174242121867099e+56 3.174242121867099e+56 3.174242121867099e+56 3.174242121867099e+56 3.174242121867099e+56 3.174242121867099e+56 3.174242121867099e+56 3.174242121867099e+56 3.174242121867099e+56 3.174242121867099e+56 3.174242121867099e+56 3.174242121867099e+56 3.174242121867099e+56 3.174242121867099e+56 3.174242121867099e+56 3.174242121867099e+56 3.174242121867099e+56 
# SN_energy_per_current_crossing_time_list
0.0 0.0 1.3338200576770948e+54 4.3000400808792556e+55 7.800726358734077e+55 8.717017014951092e+55 7.938788816782698e+55 5.719336538230383e+55 3.365291923532172e+55 1.7922037948463e+55 9.371489186234288e+54 5.191833313445908e+54 3.2463229678932296e+54 2.341238264945231e+54 1.8828959604871436e+54 1.6288267890672377e+54 1.4642648549258088e+54 1.3395753451073625e+54 1.2413350284303028e+54 1.1601900825055212e+54 1.090322839028727e+54 1.029085126407703e+54 9.747826956660918e+53 9.26220664818264e+53 8.825008105839049e+53 8.42904656413147e+53 8.068674155677664e+53 7.739239267879198e+53 7.436740780733284e+53 7.157950744530816e+53 6.900310481278425e+53 6.662103273380915e+53 6.4393636630506465e+53 6.231514476476918e+53 6.037716913845078e+53 5.856248993603125e+53 5.685815846723504e+53 5.524904292566537e+53 5.374031238124233e+53 5.2316157630336485e+53 5.096557442273536e+53 4.968604040041153e+53 4.846998927991992e+53 4.731458970559102e+53 4.6216324855188146e+53 4.5170429905633e+53 4.417080536428142e+53 4.321835879557808e+53 4.230825750876492e+53 4.144396273089667e+53 4.060544492738859e+53 3.980625215896504e+53 3.903562399659706e+53 3.8301795822720413e+53 3.7589490642565395e+53 3.6909874730277862e+53 3.6249280354861446e+53 3.560248533799454e+53 3.5001459160649137e+53 3.443039645663714e+53 3.386719053209486e+53 3.332114305751468e+53 3.277321052196981e+53 3.225554224116114e+53 3.175762743758045e+53 3.1278557710957694e+53 3.080948409167633e+53 3.036275835056836e+53 2.992216726495671e+53 2.949833671939675e+53 2.9083753249142612e+53 2.868756030881157e+53 2.8289297180916356e+53 2.791492939636093e+53 2.754926426009258e+53 2.719386805705021e+53 2.684213370216337e+53 2.6505119595846944e+53 2.617201667324115e+53 2.585120299962814e+53 2.55361197379503e+53 2.522608355507387e+53 2.4928269453035717e+53 2.4644039854524753e+53 2.4357954803566353e+53 2.4081581238475924e+53 2.380756888533987e+53 2.3548605482800173e+53 2.328542272906019e+53 2.3029555610691008e+53 2.2781970743367508e+53 2.253578729569634e+53 2.2299136420903736e+53 2.208328941680552e+53 2.1856789912196324e+53 2.1634287783491325e+53 2.1414001250747053e+53 2.1205208928360167e+53 2.0991997689259117e+53 2.0788178878110086e+53 2.058421931808642e+53 2.038664804074743e+53 2.0171439928145888e+53 1.997053162729414e+53 1.9773735747442545e+53 1.9586658602571774e+53 1.940749074701273e+53 1.9230254228905083e+53 1.9059055499283065e+53 1.8817538953067544e+53 1.7944759285414693e+53 1.6039476540513597e+53 1.3991922077785184e+53 1.2424408191075286e+53 1.118393656415805e+53 9.978481113714985e+52 8.819006288387656e+52 7.908319447965872e+52 7.381632812882691e+52 7.051356453846075e+52 6.567573463173757e+52 6.058225996938758e+52 5.685175808127759e+52 5.480332440617604e+52 5.19710350120038e+52 4.73419456456192e+52 4.1406213806661635e+52 3.529470899237878e+52 3.0804007837312956e+52 2.7366815166225286e+52 2.463347581771026e+52 2.243030554264851e+52 2.059162336038139e+52 1.9045633223344886e+52 1.7721292819896863e+52 
# SN_energy_per_final_crossing_time_list
0.0 0.0 1.4344416941559558e+54 6.484737875349034e+55 1.2796324095879102e+56 1.4365547081072412e+56 1.2834451415969732e+56 9.03618936211768e+55 5.208699070060669e+55 2.7268233311981587e+55 1.4057806862493638e+55 7.695643295078056e+54 4.762798454822316e+54 3.4042032809571876e+54 2.7159780045342105e+54 2.3326425690794362e+54 2.083268957545117e+54 1.8944220419546394e+54 1.745731893165061e+54 1.623171340668152e+54 1.518036573699979e+54 1.426260389445993e+54 1.3452061222602377e+54 1.2730010140792132e+54 1.208234277704367e+54 1.1497871249645309e+54 1.0967757679718792e+54 1.048471756496647e+54 1.0042552489530568e+54 9.636266372930177e+53 9.26186901282276e+53 8.916588658417501e+53 8.594707636509548e+53 8.295103431767275e+53 8.016389215416237e+53 7.756050252859118e+53 7.5121133402429565e+53 7.282350538349755e+53 7.067318405157456e+53 6.864753412344596e+53 6.6730858806199424e+53 6.491865579660169e+53 6.319982504553485e+53 6.156987948132811e+53 6.002320391662887e+53 5.855290804997816e+53 5.715038214829152e+53 5.58160208200116e+53 5.454320458133911e+53 5.3335421191046405e+53 5.216692485709044e+53 5.105448505468376e+53 4.998387889971028e+53 4.896542197309221e+53 4.797880974264901e+53 4.703838371933205e+53 4.612655829928771e+53 4.523581243933599e+53 4.440703682284469e+53 4.3619943934588435e+53 4.284576406730817e+53 4.2096338664673205e+53 4.134776736351714e+53 4.0640147991262445e+53 3.995973270494561e+53 3.930574797778586e+53 3.866698639561491e+53 3.8058378369600637e+53 3.745940141311934e+53 3.6883724148983987e+53 3.6321830945573118e+53 3.5784620058907415e+53 3.524629103069761e+53 3.4739693682839704e+53 3.424591502812334e+53 3.3766465952026483e+53 3.329274855719396e+53 3.2838654983878756e+53 3.239111229763604e+53 3.19603457086795e+53 3.1537862712214316e+53 3.1122545253826367e+53 3.0723413039954115e+53 3.0342446421770233e+53 2.996056949380972e+53 2.959167932902082e+53 2.922649626710353e+53 2.8880434465261415e+53 2.8530299910858458e+53 2.8190447939237804e+53 2.7861790796127355e+53 2.7535632267335274e+53 2.7221732956726707e+53 2.6933716889010084e+53 2.6633518067634065e+53 2.63392767185215e+53 2.6048691415384154e+53 2.5772790486584905e+53 2.549205674990813e+53 2.5223163915926506e+53 2.495449458296136e+53 2.4694280393010168e+53 2.441369364171607e+53 2.4151244801518496e+53 2.389436543475016e+53 2.3649664267116985e+53 2.3414869552405067e+53 2.3182705798092054e+53 2.295820837871413e+53 2.263280869014831e+53 2.142816189880737e+53 1.8909853670100804e+53 1.6316656854437003e+53 1.4349472482450418e+53 1.2807413820345875e+53 1.1301288874398423e+53 9.89243330360646e+52 8.796289324669601e+52 8.188433409846214e+52 7.784273231701601e+52 7.200927536412919e+52 6.603152515968035e+52 6.173649966982477e+52 5.941403151097318e+52 5.597277909123598e+52 5.063762157907679e+52 4.37739905724702e+52 3.696565836020101e+52 3.1998985196974604e+52 2.821300047291567e+52 2.521288914211942e+52 2.2815516196890992e+52 2.0816880913750203e+52 1.9144452848890894e+52 1.7721292819896863e+52 
# total_energy_release_list
0 0 7.0444421866934845e+53 3.2550535450448076e+55 9.539238232569132e+55 1.6594057282037973e+56 2.2932470493430884e+56 2.8981292359671882e+56 3.498974828203046e+56 4.067585019016475e+56 4.58295519474346e+56 5.040589798745781e+56 5.4454443372512726e+56 5.805476303566482e+56 6.128354686245836e+56 6.420632475326417e+56 6.687497811467087e+56 6.932987352174428e+56 7.160306800203549e+56 7.371998425178739e+56 7.570098499607343e+56 7.756266361261257e+56 7.931871671923162e+56 8.098058896638502e+56 8.255795033631168e+56 8.40590332039525e+56 8.549092446898659e+56 8.685976481979967e+56 8.817088756265606e+56 8.942897392663895e+56 9.063818498128518e+56 9.18023208819715e+56 9.292443455100646e+56 9.400743343479131e+56 9.505404410574967e+56 9.606666388850543e+56 9.704743370283496e+56 9.79982049669406e+56 9.892090105475388e+56 9.981714789280265e+56 1.006883686789446e+57 1.015359266391745e+57 1.0236104066294372e+57 1.03164871682581e+57 1.0394850627138421e+57 1.0471294213415081e+57 1.054591011459575e+57 1.0618776818251042e+57 1.0689985375768416e+57 1.0759612741032747e+57 1.0827720590536054e+57 1.0894369484296311e+57 1.0959626420023166e+57 1.1023547589787726e+57 1.1086186303972196e+57 1.1147591545659763e+57 1.1207811738699752e+57 1.1266863347821257e+57 1.1324838544166436e+57 1.1381780771070572e+57 1.143771748515304e+57 1.1492670887311907e+57 1.1546651843087564e+57 1.1599703907045054e+57 1.1651872667098632e+57 1.1703182890366236e+57 1.1753663598861935e+57 1.1803345053112648e+57 1.1852249222726276e+57 1.1900397326365027e+57 1.194781608043282e+57 1.1994529155203945e+57 1.2040543891625755e+57 1.2085893075347888e+57 1.2130601478985836e+57 1.2174679696693778e+57 1.2218143735635182e+57 1.2261011177619737e+57 1.2303298137398226e+57 1.2345018505267954e+57 1.2386191171171399e+57 1.2426818080578641e+57 1.2466927845911373e+57 1.2506536377242545e+57 1.2545649646359537e+57 1.2584277637058023e+57 1.2622432755667605e+57 1.266013294057452e+57 1.269737949081578e+57 1.273417835211532e+57 1.2770551202821172e+57 1.2806495061456811e+57 1.2842032923765097e+57 1.2877191972884176e+57 1.29119623304964e+57 1.294634471673585e+57 1.2980350407479452e+57 1.301399282004488e+57 1.3047272305646417e+57 1.308019818685803e+57 1.3112776534190225e+57 1.3145011814848726e+57 1.3176925718031314e+57 1.3208522245713193e+57 1.3239800720465593e+57 1.3270770845644966e+57 1.3301434519285207e+57 1.3331794155630822e+57 1.33618597943701e+57 1.3421138797200629e+57 1.3701757983100836e+57 1.4197037771209109e+57 1.4624397521870698e+57 1.5000233517990057e+57 1.5335680492557896e+57 1.577967916568719e+57 1.6168327514529175e+57 1.6513911176005353e+57 1.6621145362872176e+57 1.6825028124951398e+57 1.7107934110896983e+57 1.7367355048468253e+57 1.7529052970665103e+57 1.7606860471058224e+57 1.790006407434123e+57 1.8231634467792346e+57 1.880489043141904e+57 1.9288985754400607e+57 1.9708038457941522e+57 2.007751061621156e+57 2.0407693879650853e+57 2.070648159701547e+57 2.097909556188022e+57 2.122980772274267e+57 2.146188244700989e+57 
# binding_energy_list
7.063175542629565e+54 7.063175542629565e+54 7.063175542629565e+54 7.046930689671452e+54 6.998419960022717e+54 6.950243175887948e+54 6.91830970918942e+54 6.870684400142374e+54 6.839116472814306e+54 6.823386941416746e+54 6.792036326171858e+54 6.776415076106799e+54 6.760829753919791e+54 6.745280276979229e+54 6.729766562843223e+54 6.714288529259496e+54 6.698846094165272e+54 6.68343917568619e+54 6.68343917568619e+54 6.668067692136191e+54 6.65273156201742e+54 6.63743070401913e+54 6.63743070401913e+54 6.622165037017589e+54 6.622165037017589e+54 6.606934480075964e+54 6.606934480075964e+54 6.591738952443253e+54 6.591738952443253e+54 6.576578373554172e+54 6.576578373554172e+54 6.561452663029057e+54 6.561452663029057e+54 6.561452663029057e+54 6.546361740672787e+54 6.546361740672787e+54 6.53130552647469e+54 6.53130552647469e+54 6.53130552647469e+54 6.516283940608428e+54 6.516283940608428e+54 6.516283940608428e+54 6.501296903430943e+54 6.501296903430943e+54 6.501296903430943e+54 6.486344335482348e+54 6.486344335482348e+54 6.486344335482348e+54 6.471426157485831e+54 6.471426157485831e+54 6.471426157485831e+54 6.471426157485831e+54 6.45654229034659e+54 6.45654229034659e+54 6.45654229034659e+54 6.441692655151735e+54 6.441692655151735e+54 6.441692655151735e+54 6.441692655151735e+54 6.426877173170194e+54 6.426877173170194e+54 6.426877173170194e+54 6.426877173170194e+54 6.426877173170194e+54 6.412095765851648e+54 6.412095765851648e+54 6.412095765851648e+54 6.412095765851648e+54 6.397348354826442e+54 6.397348354826442e+54 6.397348354826442e+54 6.397348354826442e+54 6.397348354826442e+54 6.382634861905483e+54 6.382634861905483e+54 6.382634861905483e+54 6.382634861905483e+54 6.382634861905483e+54 6.367955209079188e+54 6.367955209079188e+54 6.367955209079188e+54 6.367955209079188e+54 6.367955209079188e+54 6.353309318517396e+54 6.353309318517396e+54 6.353309318517396e+54 6.353309318517396e+54 6.353309318517396e+54 6.353309318517396e+54 6.338697112569264e+54 6.338697112569264e+54 6.338697112569264e+54 6.338697112569264e+54 6.338697112569264e+54 6.338697112569264e+54 6.324118513762223e+54 6.324118513762223e+54 6.324118513762223e+54 6.324118513762223e+54 6.324118513762223e+54 6.324118513762223e+54 6.324118513762223e+54 6.309573444801892e+54 6.309573444801892e+54 6.309573444801892e+54 6.309573444801892e+54 6.309573444801892e+54 6.309573444801892e+54 6.309573444801892e+54 6.295061828571968e+54 6.280583588133205e+54 6.251726927756848e+54 6.22300285169155e+54 6.194410750767837e+54 6.165950018614809e+54 6.137620051647895e+54 6.1094202490557394e+54 6.095368972401644e+54 6.081350012787164e+54 6.0673632958850715e+54 6.053408747539087e+54 6.039486293763782e+54 6.025595860743593e+54 6.025595860743593e+54 5.997910762555076e+54 5.984115950603211e+54 5.956621435290085e+54 5.929253245800042e+54 5.915616341754719e+54 5.902010801718454e+54 5.874893525297745e+54 5.861381645140297e+54 5.8479008414448476e+54 5.834451042737424e+54 5.8210321777087214e+54 
# total_gas_kinetic_energy_list
2.7005624053760322e+57 1.1835577283051122e+59 1.5952559612123783e+59 1.1139989748439445e+59 6.033632675528148e+58 2.8527999722192883e+58 1.2395284354706941e+58 5.085644798557828e+57 2.0034677134371985e+57 7.671528822230629e+56 2.8902820691227513e+56 1.0907679452904011e+56 4.2646606363096634e+55 1.8382688949309115e+55 9.494246235963688e+54 6.143094232120147e+54 4.7795091033794384e+54 4.1370714813395765e+54 3.765437117853166e+54 3.5044780465366064e+54 3.2975462191997096e+54 3.1208283546551126e+54 2.9661621050512183e+54 2.8294441393699346e+54 2.707275057568073e+54 2.594135831402556e+54 2.489180523330075e+54 2.3931983693725304e+54 2.3049342198651624e+54 2.223082454902807e+54 2.1468648955500785e+54 2.076095965004879e+54 2.0106406176617122e+54 1.951020220537439e+54 1.8921596409625625e+54 1.8329768826035065e+54 1.77591364212694e+54 1.7258459981742466e+54 1.672690385266562e+54 1.6285832198307723e+54 1.5772629814187554e+54 1.545908030913214e+54 1.4839179237428692e+54 1.490472707411821e+54 1.3782626746710136e+54 1.5022524614250098e+54 1.3123969810265162e+54 1.584494725803444e+54 1.2528603828430476e+54 1.8059647739388656e+54 1.1997097183814737e+54 2.3122764805204482e+54 1.149362920441035e+54 3.461091186416557e+54 1.1043164349222095e+54 6.112423058452648e+54 1.0579899944737953e+54 1.2389697363748555e+55 1.0210638780422617e+54 2.7862102381063246e+55 9.833114963822755e+53 6.789490934504246e+55 9.470932122666244e+53 1.7493063875635491e+56 9.198128732033608e+53 4.752830516564223e+56 8.861915842414885e+53 1.346011857518134e+57 8.652991708206105e+53 3.985849832630678e+57 8.360100950663645e+53 1.2270188017859265e+58 8.216823251588017e+53 3.937416541515207e+58 7.943360293847886e+53 1.305168859983546e+59 7.788293361711336e+53 4.522258154107979e+59 7.59747218241616e+53 1.6069620889188788e+60 7.379734910309834e+53 5.971458861145415e+60 7.302938575104388e+53 2.2772745100874615e+61 7.048023730638689e+53 8.974798398026303e+61 6.923723326824219e+53 3.6848189074514333e+62 6.850581472302504e+53 1.5363485648821857e+63 6.58802284544343e+53 6.670656262179983e+63 6.501251592461819e+53 3.003777651920362e+64 6.460893113903203e+53 1.3680304673236327e+65 6.212592480620167e+53 6.452913416220137e+65 6.102888738055688e+53 3.1663840562143015e+66 6.1151341756862094e+53 1.5758395214806984e+67 1.4693472304016346e+54 4.611057922406768e+67 2.295471224094858e+54 7.538888042089737e+67 3.116755178510606e+54 8.639758160146854e+67 9.986792692423161e+66 7.843983062673184e+67 3.29428858566504e+67 7.329166318900309e+67 6.94363855388817e+67 7.433875557004421e+67 7.570529182567059e+67 7.676251400023615e+67 7.792991853976985e+67 7.864174917315222e+67 7.926330249537295e+67 7.931328141922928e+67 7.952655532304407e+67 7.984116761418887e+67 8.009624281983278e+67 8.024504920236981e+67 8.019591120897625e+67 8.03920651918932e+67 8.04664238779884e+67 8.075155841402641e+67 8.091664343118859e+67 8.105298693656928e+67 8.117570394305421e+67 8.128790351536184e+67 8.137449022885178e+67 8.146094238637049e+67 8.153848398029529e+67 
