# time_axis
1000000 10000000 20000000 30000000 40000000 50000000 60000000 70000000 80000000 90000000 100000000 110000000 120000000 130000000 140000000 150000000 200000000 300000000 400000000 500000000 600000000 700000000 800000000 900000000 1000000000 1010000000 1020000000 1030000000 1040000000 1050000000 1060000000 1070000000 1080000000 1100000000 1200000000 1400000000 1600000000 1800000000 2000000000 2300000000 2600000000 2900000000 3000000000 3200000000 3500000000 3800000000 4000000000 4100000000 4500000000 5000000000 6000000000 7000000000 8000000000 9000000000 10000000000 11000000000 12000000000 13000000000 14000000000 
# SNIa_energy_release_list
0 0.0 0.0 0.0 0.0 0.0 2.543764427878018e+53 1.2521436253382893e+55 5.077565179279867e+55 1.0472705227928698e+56 1.65172868058815e+56 2.2592900960499167e+56 2.8367973530814123e+56 3.370719350795101e+56 3.8585900072068936e+56 4.3031937203863745e+56 6.0408000803407035e+56 8.24698428611308e+56 9.709947518788261e+56 1.0807402997550366e+57 1.1686187563552984e+57 1.241925720591937e+57 1.3048122275599972e+57 1.3598781876197075e+57 1.4088572430715734e+57 1.4134690189434018e+57 1.4180335920416841e+57 1.422552944839345e+57 1.427026600965581e+57 1.4314557772910819e+57 1.435841314968827e+57 1.4401833278371634e+57 1.444482903724285e+57 1.4529592160357144e+57 1.4930718694881164e+57 1.5638233754996079e+57 1.624827494620272e+57 1.6784457424786958e+57 1.7262795409712354e+57 1.7895660467731455e+57 1.8449406352291466e+57 1.8941636301842375e+57 1.909431746679171e+57 1.938466396857801e+57 1.97874399791742e+57 2.0156694168312428e+57 2.0386842521002218e+57 2.049757774099076e+57 2.0914807901335698e+57 2.138657679627847e+57 2.220205651881696e+57 2.2890545519204786e+57 2.34864797114126e+57 2.401180133355318e+57 2.4481275150958925e+57 2.4906055828601995e+57 2.529360396027915e+57 2.5649990614593153e+57 2.597987717583126e+57 
# SNII_energy_release_list
0 0.0 5.846774573143933e+53 2.8607685866508393e+55 1.0814169852277242e+56 2.026176668225867e+56 2.918701662495163e+56 3.6306714936857205e+56 4.096770426367804e+56 4.37772256426354e+56 4.536845214044219e+56 4.622828259081639e+56 4.667628622125612e+56 4.690307559643561e+56 4.701525389902354e+56 4.70699946791139e+56 4.711228452175038e+56 4.711228452175038e+56 4.711228452175038e+56 4.711228452175038e+56 4.711228452175038e+56 4.711228452175038e+56 4.711228452175038e+56 4.711228452175038e+56 4.711228452175038e+56 4.711228452175038e+56 4.711228452175038e+56 4.711228452175038e+56 4.711228452175038e+56 4.711228452175038e+56 4.711228452175038e+56 4.711228452175038e+56 4.711228452175038e+56 4.711228452175038e+56 4.711228452175038e+56 4.711228452175038e+56 4.711228452175038e+56 4.711228452175038e+56 4.711228452175038e+56 4.711228452175038e+56 4.711228452175038e+56 4.711228452175038e+56 4.711228452175038e+56 4.711228452175038e+56 4.711228452175038e+56 4.711228452175038e+56 4.711228452175038e+56 4.711228452175038e+56 4.711228452175038e+56 4.711228452175038e+56 4.711228452175038e+56 4.711228452175038e+56 4.711228452175038e+56 4.711228452175038e+56 4.711228452175038e+56 4.711228452175038e+56 4.711228452175038e+56 4.711228452175038e+56 4.711228452175038e+56 
# SN_energy_per_current_crossing_time_list
0.0 0.0 1.4473081700955568e+54 4.124927060850012e+55 1.0605824513793864e+56 1.2367843004004686e+56 1.1831971073962322e+56 9.717887157336782e+55 6.674447409952097e+55 4.2761230405900175e+55 2.629348056179663e+55 1.5978314490263922e+55 9.891337415265646e+54 6.426652534071785e+54 4.4847127849677766e+54 3.3938724458735444e+54 2.1950415474487134e+54 1.359474409462063e+54 9.238992571539655e+53 7.0578532958595015e+53 5.733671226271409e+53 4.840252549133746e+53 4.194482552237748e+53 3.705356683163929e+53 3.3215020880285225e+53 3.1297758204700235e+53 3.0999786810900833e+53 3.0714385050582685e+53 3.0425027910237527e+53 3.0143372936881463e+53 2.9866974080031006e+53 2.9590934440232694e+53 2.932188827488806e+53 2.894179454515903e+53 2.7565164768349966e+53 2.457966544840085e+53 2.13917095943731e+53 1.895578634402047e+53 1.7031879762433578e+53 1.5161281501073006e+53 1.337121964360992e+53 1.1967967730548386e+53 1.1160964471989326e+53 1.0653905795146896e+53 9.907149385896918e+52 9.125773613789738e+52 8.557157649295199e+52 8.245302413850403e+52 7.807371155899832e+52 7.100778321821422e+52 6.193328682254458e+52 5.266964273840573e+52 4.5880104298941793e+52 4.068121991008411e+52 3.6557928072292604e+52 3.323647897892739e+52 3.046645076739679e+52 2.8139198102438903e+52 2.615009380757481e+52 
# SN_energy_per_final_crossing_time_list
0.0 0.0 1.2359295307302476e+54 5.923687188473428e+55 1.6812420884305248e+56 1.9970949402156934e+56 1.8868794756664151e+56 1.5147325868840487e+56 1.015594573918852e+56 6.36662295933258e+55 3.8427925916305275e+55 2.2991796397903124e+55 1.4048091967640886e+55 9.026419882761755e+54 6.238647122459711e+54 4.681518249013913e+54 2.9335897409083528e+54 1.7488412902063572e+54 1.1596903380334083e+54 8.699524955353513e+53 6.966121551411421e+53 5.8110399658051725e+53 4.9850107572540625e+53 4.365076333395344e+53 3.882567661640105e+53 3.655752790147133e+53 3.6183351714492202e+53 3.5824890582021015e+53 3.5462653260214575e+53 3.5110062067227545e+53 3.476413869036525e+53 3.4419117709603227e+53 3.4082719938343264e+53 3.359584598631102e+53 3.1797283487821486e+53 2.8042344499937563e+53 2.417896975958393e+53 2.1251581241037526e+53 1.895891595368329e+53 1.6722395493189785e+53 1.4631804311211326e+53 1.3006349119269484e+53 1.210302951138829e+53 1.1507877480545173e+53 1.0642679128850966e+53 9.756921337407717e+52 9.121925109512436e+52 8.777976221992617e+52 8.268454307005413e+52 7.479420084254403e+52 6.464304324044664e+52 5.457649404708766e+52 4.723967830301435e+52 4.1642222849473225e+52 3.721516972162983e+52 3.3672346416057785e+52 3.0720924066359346e+52 2.825075506896007e+52 2.615009380757481e+52 
# total_energy_release_list
0 0 5.846774573143933e+53 2.8607685866508393e+55 1.0814169852277242e+56 2.026176668225867e+56 2.9212454269230413e+56 3.7558858562195494e+56 4.604526944295791e+56 5.424993087056409e+56 6.1885738946323695e+56 6.882118355131556e+56 7.504425975207025e+56 8.061026910438661e+56 8.560115397109247e+56 9.010193188297764e+56 1.0752028532515742e+57 1.2958212738288118e+57 1.4421175970963299e+57 1.5518631449725404e+57 1.6397416015728023e+57 1.7130485658094407e+57 1.775935072777501e+57 1.8310010328372112e+57 1.879980088289077e+57 1.8845918641609055e+57 1.889156437259188e+57 1.893675790056849e+57 1.898149446183085e+57 1.9025786225085856e+57 1.9069641601863308e+57 1.9113061730546673e+57 1.915605748941789e+57 1.9240820612532183e+57 1.96419471470562e+57 2.0349462207171118e+57 2.0959503398377756e+57 2.1495685876961995e+57 2.197402386188739e+57 2.2606888919906492e+57 2.3160634804466504e+57 2.3652864754017413e+57 2.380554591896675e+57 2.409589242075305e+57 2.449866843134924e+57 2.4867922620487465e+57 2.5098070973177255e+57 2.5208806193165798e+57 2.5626036353510735e+57 2.6097805248453507e+57 2.6913284970991998e+57 2.7601773971379823e+57 2.8197708163587636e+57 2.8723029785728216e+57 2.9192503603133962e+57 2.9617284280777032e+57 3.0004832412454186e+57 3.036121906676819e+57 3.06911056280063e+57 
# binding_energy_list
1.2445146117713817e+55 1.2445146117713817e+55 1.2445146117713817e+55 1.2387965865303793e+55 1.2302687708123912e+55 1.221799660164881e+55 1.210598133550478e+55 1.2022644346174082e+55 1.1967405313072517e+55 1.1912420080273763e+55 1.1857687481671547e+55 1.180320635651737e+55 1.1776059735208019e+55 1.1721953655481375e+55 1.1694993910198651e+55 1.166809617060963e+55 1.1561122421921053e+55 1.1402497875611744e+55 1.1324003632355623e+55 1.1246049739669314e+55 1.1168632477805658e+55 1.1117317272815897e+55 1.1066237839776585e+55 1.1040786199020712e+55 1.099005839432513e+55 1.099005839432513e+55 1.099005839432513e+55 1.099005839432513e+55 1.099005839432513e+55 1.099005839432513e+55 1.099005839432513e+55 1.0964781961431828e+55 1.0964781961431828e+55 1.0964781961431828e+55 1.0939563662720975e+55 1.088930093333431e+55 1.083926914021195e+55 1.0814339512979354e+55 1.0764652136298261e+55 1.0715193052376092e+55 1.0690548792226664e+55 1.0665961212302546e+55 1.0641430182243185e+55 1.0616955571987328e+55 1.0592537251772854e+55 1.0592537251772854e+55 1.0568175092136607e+55 1.0568175092136607e+55 1.0543868963912667e+55 1.0519618738232191e+55 1.047128548050907e+55 1.044720219220796e+55 1.0423174293933057e+55 1.0399201658290664e+55 1.0375284158180083e+55 1.0351421666793452e+55 1.0327614057614043e+55 1.0303861204416117e+55 1.0280162981264745e+55 
# total_gas_kinetic_energy_list
2.6998548036908954e+57 1.2481106418670285e+59 2.9203663164327265e+59 2.3180492250997264e+59 1.5816147248321543e+59 9.733449682762608e+58 5.57683009004203e+58 3.0344951705927267e+58 1.588444253879054e+58 8.070101101287073e+57 4.00484392032996e+57 1.9510156228088016e+57 9.371568360060376e+56 4.459210929417687e+56 2.1147367881343024e+56 1.0091866612796413e+56 1.2527394544006783e+56 1.4512838108453818e+56 1.584630884536955e+56 1.6836116633289215e+56 1.761901898975415e+56 1.826488780463909e+56 1.8820303478995706e+56 1.9309804715771757e+56 1.974677733528228e+56 1.978839368748548e+56 1.9829295595405184e+56 1.986936876732875e+56 1.990892428119083e+56 1.994821057933472e+56 1.9987409486839835e+56 2.0026611937265466e+56 2.006580643061936e+56 2.014224808346771e+56 2.050193651773221e+56 2.1138181104552026e+56 2.1680547474939743e+56 2.215973613677483e+56 2.2581528775171628e+56 2.312389135604355e+56 2.359053377283966e+56 2.3996495717929065e+56 2.4124490404119345e+56 2.4355816143369007e+56 2.467731865065983e+56 2.4951296204717497e+56 2.5121188056323736e+56 2.5195097334332115e+56 2.5490381552205293e+56 2.5791226076822763e+56 2.6285003006252216e+56 2.6669442051580088e+56 2.7010832470378846e+56 2.7329647325488705e+56 2.763494099498954e+56 2.7900767487650395e+56 2.8164732752463938e+56 2.8412302845930997e+56 2.8637272143140625e+56 
