# time_axis
1000000 10000000 20000000 30000000 40000000 50000000 60000000 70000000 80000000 90000000 100000000 110000000 120000000 130000000 140000000 150000000 160000000 170000000 180000000 190000000 200000000 210000000 220000000 230000000 240000000 250000000 260000000 270000000 280000000 290000000 300000000 310000000 320000000 330000000 340000000 350000000 360000000 370000000 380000000 390000000 400000000 410000000 420000000 430000000 440000000 450000000 460000000 470000000 480000000 490000000 500000000 510000000 520000000 530000000 540000000 550000000 560000000 570000000 580000000 590000000 600000000 610000000 620000000 630000000 640000000 650000000 660000000 670000000 680000000 690000000 700000000 710000000 720000000 730000000 740000000 750000000 760000000 770000000 780000000 790000000 800000000 810000000 820000000 830000000 840000000 850000000 860000000 870000000 880000000 890000000 900000000 910000000 920000000 930000000 940000000 950000000 960000000 970000000 980000000 990000000 1000000000 1010000000 1020000000 1030000000 1040000000 1050000000 1060000000 1070000000 1080000000 1100000000 1200000000 1400000000 1600000000 1800000000 2000000000 2300000000 2600000000 2900000000 3000000000 3200000000 3500000000 3800000000 4000000000 4100000000 4500000000 5000000000 6000000000 7000000000 8000000000 9000000000 10000000000 11000000000 12000000000 13000000000 14000000000 
# SNIa_energy_release_list
0 0.0 0.0 0.0 0.0 0.0 1.606121014149653e+54 6.350601713200942e+55 2.2982499116985675e+56 4.001524760063134e+56 5.532320657848647e+56 6.8767600523928685e+56 8.064018417521812e+56 9.12457874385036e+56 1.0082523434749356e+57 1.0955996516398136e+57 1.1758767255426233e+57 1.2501485172912501e+57 1.3192550310390857e+57 1.3838713212047814e+57 1.4445473791499571e+57 1.5017377084173705e+57 1.555822093405949e+57 1.6071212040014225e+57 1.655908775114657e+57 1.702419644772789e+57 1.746857064196673e+57 1.789399099499126e+57 1.8302003641570942e+57 1.8693970996606183e+57 1.9071120546600353e+57 1.9434585311357417e+57 1.978527219332532e+57 2.012394147318574e+57 2.0451536126762658e+57 2.0768730045868472e+57 2.1076155261023028e+57 2.1374360437042303e+57 2.1663914459193263e+57 2.1945382443618286e+57 2.2219099393957707e+57 2.2485513291476205e+57 2.274499555203853e+57 2.2997885084768766e+57 2.3244532594103562e+57 2.3485233303589422e+57 2.3720268776464427e+57 2.3949872568756615e+57 2.4174313418459664e+57 2.4393887430410868e+57 2.460871241980819e+57 2.48189841429819e+57 2.5024921822157404e+57 2.5226719328417344e+57 2.542450233360829e+57 2.5618446547933435e+57 2.5808683996017045e+57 2.599526809588542e+57 2.6178431858844357e+57 2.6358559879034482e+57 2.653543226782667e+57 2.670924614953149e+57 2.687996346880114e+57 2.704774411398865e+57 2.721282369492292e+57 2.7375219545997216e+57 2.7534992862698185e+57 2.7692281035159696e+57 2.7847131023918918e+57 2.799959854412841e+57 2.8149777865967316e+57 2.829775667635257e+57 2.844353283977261e+57 2.858719040116099e+57 2.8728895457512576e+57 2.8868598929994585e+57 2.900635604535682e+57 2.914224651933211e+57 2.9276310015607933e+57 2.94085919655683e+57 2.9539147367368338e+57 2.9667995120948106e+57 2.9795179115205366e+57 2.9920854568493283e+57 3.0044934171958945e+57 3.0167481849927962e+57 3.0288539033161162e+57 3.040817037117197e+57 3.0526382705222362e+57 3.0643146125465833e+57 3.0758581002898875e+57 3.0872687392996787e+57 3.098546488153553e+57 3.1097126325684596e+57 3.1207560835463847e+57 3.131670501239815e+57 3.142468049375895e+57 3.153151607481816e+57 3.1637213516225866e+57 3.174176840945896e+57 3.184524676322935e+57 3.194762702177271e+57 3.204900496423431e+57 3.214942931307494e+57 3.22488076559114e+57 3.234721599447284e+57 3.24446690988639e+57 3.254114431103063e+57 3.263669446397909e+57 3.282512946534479e+57 3.371746838735694e+57 3.529347633343626e+57 3.6654311622695e+57 3.785171131993612e+57 3.892092348142546e+57 4.0336612455993085e+57 4.1576301705283466e+57 4.2678933622882574e+57 4.302114466313541e+57 4.367182475150934e+57 4.45747914938416e+57 4.5403047299790756e+57 4.591930638290628e+57 4.6167715323812304e+57 4.710401287487221e+57 4.816293114395091e+57 4.999402652683516e+57 5.154076209316275e+57 5.287961535316065e+57 5.4060306868938775e+57 5.511529963998518e+57 5.607038281319712e+57 5.6941704918857296e+57 5.7743046242281425e+57 5.848484293307074e+57 
# SNII_energy_release_list
0 0.0 4.206027681554391e+54 3.277494600498417e+56 1.0123167738872535e+57 1.3845108081037994e+57 1.613783406706227e+57 1.740357140398947e+57 1.7783567383746677e+57 1.7890588922637137e+57 1.7917691395099108e+57 1.7924069134492286e+57 1.792541446515068e+57 1.792588866063e+57 1.7925981036981846e+57 1.79260120733161e+57 1.7926028539867705e+57 1.792604059774831e+57 1.792605069939276e+57 1.7926059553664572e+57 1.792606745892884e+57 1.7926074589001537e+57 1.7926081065614768e+57 1.7926086991462755e+57 1.792609244060008e+57 1.7926097471685894e+57 1.79261021396303e+57 1.792610647947792e+57 1.7926110530124825e+57 1.792611432042839e+57 1.7926117871306848e+57 1.7926121217524786e+57 1.7926124373497158e+57 1.792612735818388e+57 1.792613037063772e+57 1.792613345361531e+57 1.7926136471815057e+57 1.7926139432647392e+57 1.792614208637649e+57 1.7926144791619587e+57 1.7926147213403578e+57 1.7926149678168802e+57 1.792615188018322e+57 1.792615414098086e+57 1.7926156160600812e+57 1.7926158248046564e+57 1.792616012066594e+57 1.7926162056169022e+57 1.7926163785752367e+57 1.7926165581043994e+57 1.7926167190321617e+57 1.7926168865247006e+57 1.7926170359558688e+57 1.7926171926541617e+57 1.792617330446376e+57 1.7926174769361945e+57 1.7926176066032102e+57 1.7926177458089553e+57 1.7926178691696342e+57 1.7926180019309152e+57 1.792618117346112e+57 1.792618237782805e+57 1.792618341163996e+57 1.7926184540897975e+57 1.792618553797752e+57 1.7926186594243772e+57 1.79261875248642e+57 1.792618853807814e+57 1.7926189435751733e+57 1.7926190392160482e+57 1.7926191215288852e+57 1.792619210853014e+57 1.7926192906140977e+57 1.7926193771322068e+57 1.7926194529679666e+57 1.7926195330436412e+57 1.7926196024804596e+57 1.7926196766322605e+57 1.7926197421637724e+57 1.792619810849771e+57 1.7926198725403337e+57 1.792619940726241e+57 1.792620003753316e+57 1.7926200689045502e+57 1.792620125593568e+57 1.7926201872946338e+57 1.792620242980914e+57 1.7926203022335474e+57 1.7926203541654652e+57 1.7926204103133696e+57 1.7926204615593517e+57 1.7926205156789336e+57 1.7926205630423657e+57 1.7926206120009837e+57 1.7926206560177402e+57 1.7926207032212916e+57 1.7926207466566224e+57 1.792620793582977e+57 1.7926208363143816e+57 1.7926208807645005e+57 1.7926209201968597e+57 1.79262096146971e+57 1.7926209985890434e+57 1.7926210330539064e+57 1.7926210513327582e+57 1.7926210530956342e+57 1.7926210530956342e+57 1.7926210530956342e+57 1.7926210530956342e+57 1.7926210530956342e+57 1.7926210530956342e+57 1.7926210530956342e+57 1.7926210530956342e+57 1.7926210530956342e+57 1.7926210530956342e+57 1.7926210530956342e+57 1.7926210530956342e+57 1.7926210530956342e+57 1.7926210530956342e+57 1.7926210530956342e+57 1.7926210530956342e+57 1.7926210530956342e+57 1.7926210530956342e+57 1.7926210530956342e+57 1.7926210530956342e+57 1.7926210530956342e+57 1.7926210530956342e+57 1.7926210530956342e+57 1.7926210530956342e+57 1.7926210530956342e+57 1.7926210530956342e+57 1.7926210530956342e+57 1.7926210530956342e+57 1.7926210530956342e+57 1.7926210530956342e+57 
# SN_energy_per_current_crossing_time_list
0.0 0.0 1.189360298704249e+55 6.264781172118093e+56 1.6186633003150156e+57 9.437764461694541e+56 6.012622190925518e+56 3.450618556246768e+56 1.202346866550009e+56 4.700459080324094e+55 2.3473577395694632e+55 1.5907950558647082e+55 1.2938820675836177e+55 1.1424746546992326e+55 1.0281744467824394e+55 9.409405025518479e+54 8.685191575706314e+54 8.069239330175944e+54 7.537400573693287e+54 7.073467052278101e+54 6.664849087028347e+54 6.302424750130364e+54 5.978051182339178e+54 5.686427551276492e+54 5.4227401866160596e+54 5.183024103241099e+54 4.9641348581537934e+54 4.763555824491172e+54 4.579000905625288e+54 4.4084463990587626e+54 4.250587615324426e+54 4.104567731647412e+54 3.967917844915553e+54 3.839067548664378e+54 3.7202651678958284e+54 3.608513912234434e+54 3.5033275978314634e+54 3.403846772952325e+54 3.310324245741203e+54 3.2229136615185636e+54 3.1387939690888996e+54 3.059539586068935e+54 2.984126980439715e+54 2.9124220899044918e+54 2.8443482580297486e+54 2.7795045454149184e+54 2.717528462803687e+54 2.658117819354883e+54 2.6015120186816588e+54 2.5482124805618718e+54 2.49603545679135e+54 2.4459469527410605e+54 2.3982759294935507e+54 2.3527184205545204e+54 2.3083996461111816e+54 2.266094100919629e+54 2.2251471809174777e+54 2.184649111930343e+54 2.146733345143869e+54 2.1132701299893097e+54 2.0770532804324416e+54 2.0431400626063636e+54 2.0085729054820008e+54 1.975897016657342e+54 1.945864081256468e+54 1.9159644750106683e+54 1.886638409796032e+54 1.858944170397149e+54 1.8316863119134615e+54 1.8050762363501837e+54 1.7794311392000307e+54 1.754826435601925e+54 1.7300613649431667e+54 1.706290978345832e+54 1.6843842690496044e+54 1.6618918637850725e+54 1.6399196116751096e+54 1.6189907349190506e+54 1.5984008606654538e+54 1.5783232652302042e+54 1.558824005501768e+54 1.5395647904756867e+54 1.5207640114630885e+54 1.5037815042533564e+54 1.4856762227444307e+54 1.4683507083321691e+54 1.4514645706801204e+54 1.435329504031968e+54 1.419194785331498e+54 1.4027322093310695e+54 1.3876507988318449e+54 1.3725700705071817e+54 1.3574199696415267e+54 1.3448473469055398e+54 1.3308897448512357e+54 1.316145871499447e+54 1.302849779707874e+54 1.2898712790273421e+54 1.2768468312034294e+54 1.2637880529863359e+54 1.2514863573689626e+54 1.2389407965877837e+54 1.2274833978447734e+54 1.2165962410189323e+54 1.2045367253077459e+54 1.193379535074801e+54 1.182438921858746e+54 1.1712157010672514e+54 1.1606282901317881e+54 1.1456516152993084e+54 1.0905027642684254e+54 9.716016510273952e+53 8.453677585560692e+53 7.488911877917907e+53 6.727176722451587e+53 5.9846010582771745e+53 5.2760459193926805e+53 4.720988319226759e+53 4.403835271874112e+53 4.2013308957135124e+53 3.905644445673645e+53 3.59768587222026e+53 3.372473866076202e+53 3.249293085833946e+53 3.07612958791205e+53 2.7969779626409246e+53 2.438633073484261e+53 2.0737327085248806e+53 1.8056412122285022e+53 1.6010056316180708e+53 1.4378333452693449e+53 1.307528165263178e+53 1.198064154207676e+53 1.1063550140359342e+53 1.0279600092953589e+53 
# SN_energy_per_final_crossing_time_list
0.0 0.0 1.5542904799701704e+55 1.195618561885108e+57 2.529741930759287e+57 1.3754014188291738e+57 8.47473812610807e+56 4.763169793038626e+56 1.6347125722054418e+56 6.315209378519736e+55 3.122873427789888e+55 2.098766746200097e+55 1.6949828689747516e+55 1.4872166318051578e+55 1.3309052073603144e+55 1.2115801870906059e+55 1.1130645527447516e+55 1.0296822036126788e+55 9.580310116555529e+54 8.957607202979977e+54 8.4112307301257e+54 7.92790225153879e+54 7.49724816128333e+54 7.111069508963378e+54 6.76285160053171e+54 6.447198531169392e+54 6.159731708860562e+54 5.896953714439483e+54 5.6556159739470265e+54 5.4331688418525155e+54 5.2277395863402415e+54 5.0380242324892335e+54 4.8608817925671616e+54 4.6942821048707816e+54 4.540823456169901e+54 4.3967192019959595e+54 4.261323441451462e+54 4.133533654789707e+54 4.013535025550553e+54 3.901500132383996e+54 3.793983835448058e+54 3.692796163330502e+54 3.596642483032685e+54 3.5053041248759596e+54 3.4187148783295626e+54 3.3363309415318197e+54 3.257744374222344e+54 3.182496982223547e+54 3.110874348895709e+54 3.0434554263021244e+54 2.9775761308736995e+54 2.9145025678119805e+54 2.854375918623283e+54 2.7970294764213895e+54 2.741327837522596e+54 2.688163145189377e+54 2.6367337034192806e+54 2.5861419290112173e+54 2.5386853536940484e+54 2.4966516632559577e+54 2.4514719815653256e+54 2.409106647406663e+54 2.3661323703743547e+54 2.3254720767927823e+54 2.287992678717394e+54 2.2508242124204644e+54 2.2144354723645637e+54 2.1800275968383893e+54 2.146197268460341e+54 2.113203425818081e+54 2.08144499436597e+54 2.050976864103797e+54 2.0204178919445957e+54 1.9910838987142138e+54 1.9639871834727735e+54 1.9362654917762358e+54 1.9092541332777797e+54 1.8834041903275073e+54 1.858054616073084e+54 1.8333781289266638e+54 1.8094262821077204e+54 1.785786198770993e+54 1.7627112481425676e+54 1.7418141812254427e+54 1.71966809316711e+54 1.6984576422250866e+54 1.6777805781395465e+54 1.6580348139969495e+54 1.638343622104389e+54 1.618280580956092e+54 1.5998519114215075e+54 1.5814527442177926e+54 1.563012251155108e+54 1.5475523314932696e+54 1.5305315742129505e+54 1.5126622980751422e+54 1.496452933943925e+54 1.4806694319354282e+54 1.4648819258402354e+54 1.4490551810168326e+54 1.4341182715983682e+54 1.4189079926451154e+54 1.4050028426914938e+54 1.3917784138138973e+54 1.377223357048642e+54 1.363720290514002e+54 1.3504764221731581e+54 1.3369250797022128e+54 1.3241058814723415e+54 1.3056383788214748e+54 1.2365770000808807e+54 1.0919927003026373e+54 9.42902734647797e+53 8.296606194053454e+53 7.408413633482797e+53 6.539400303459297e+53 5.72641618225581e+53 5.093316135172763e+53 4.742259819801917e+53 4.508466524577499e+53 4.171015735023472e+53 3.825908349975183e+53 3.577083171626868e+53 3.4423779503672426e+53 3.2437339342486003e+53 2.934835507467593e+53 2.537478058586881e+53 2.143420598773095e+53 1.8553434204837246e+53 1.6361675329701058e+53 1.4619779141604996e+53 1.323526135669468e+53 1.2074525148941193e+53 1.110475207700389e+53 1.0279600092953589e+53 
# total_energy_release_list
0 0 4.206027681554391e+54 3.277494600498417e+56 1.0123167738872535e+57 1.3845108081037994e+57 1.615389527720377e+57 1.8038631575309563e+57 2.0081817295445246e+57 2.1892113682700272e+57 2.3450012052947755e+57 2.4800829186885154e+57 2.598943288267249e+57 2.705046740448036e+57 2.80085044717312e+57 2.8882008589714236e+57 2.9684795795293938e+57 3.042752577066081e+57 3.1118601009783617e+57 3.176477276571239e+57 3.237154125042841e+57 3.2943451673175245e+57 3.3484301999674254e+57 3.399729903147698e+57 3.448518019174665e+57 3.4950293919413784e+57 3.539467278159703e+57 3.5820097474469184e+57 3.622811417169577e+57 3.662008531703458e+57 3.69972384179072e+57 3.73607065288822e+57 3.771139656682248e+57 3.805006883136962e+57 3.837766649740038e+57 3.869486349948378e+57 3.900229173283808e+57 3.93004998696897e+57 3.9590056545569755e+57 3.987152723523787e+57 4.014524660736129e+57 4.041166296964501e+57 4.067114743222175e+57 4.0924039225749624e+57 4.1170688754704375e+57 4.1411391551635986e+57 4.1646428897130365e+57 4.187603462492564e+57 4.210047720421203e+57 4.232005301145486e+57 4.253487961012981e+57 4.274515300822891e+57 4.2951092181716096e+57 4.3152891254958964e+57 4.335067563807205e+57 4.354462131729538e+57 4.373486006204915e+57 4.392144555397497e+57 4.41046105505407e+57 4.4284739898343634e+57 4.4461613441287796e+57 4.4635428527359546e+57 4.48061468804411e+57 4.4973928654886625e+57 4.513900923290044e+57 4.5301406140240985e+57 4.546118038756239e+57 4.5618469573237836e+57 4.5773320459670655e+57 4.5925788936288896e+57 4.607596908125617e+57 4.622394878488271e+57 4.6369725745913586e+57 4.651338417248306e+57 4.665508998719224e+57 4.679479426043099e+57 4.693255207016142e+57 4.706844328565471e+57 4.720250743724566e+57 4.733479007406601e+57 4.7465346092771675e+57 4.7594194528210516e+57 4.772137915273853e+57 4.784705525753879e+57 4.7971135427894624e+57 4.80936837228743e+57 4.82147414629703e+57 4.833437339350744e+57 4.8452586246877014e+57 4.856935022859953e+57 4.868478561849239e+57 4.879889254978612e+57 4.8911670511959184e+57 4.902333244569443e+57 4.9133767395641245e+57 4.924291204461107e+57 4.935088796032517e+57 4.945772401064793e+57 4.956342187936968e+57 4.966797721710396e+57 4.977145596519794e+57 4.9873836636469816e+57 4.997521495012474e+57 5.007563964361401e+57 5.017501816923898e+57 5.027342652542918e+57 5.037087962982025e+57 5.046735484198698e+57 5.0562904994935436e+57 5.075133999630113e+57 5.164367891831328e+57 5.3219686864392605e+57 5.458052215365134e+57 5.577792185089247e+57 5.68471340123818e+57 5.8262822986949424e+57 5.950251223623981e+57 6.060514415383891e+57 6.0947355194091756e+57 6.159803528246568e+57 6.2501002024797944e+57 6.33292578307471e+57 6.384551691386262e+57 6.409392585476865e+57 6.503022340582855e+57 6.608914167490725e+57 6.79202370577915e+57 6.946697262411909e+57 7.080582588411699e+57 7.198651739989511e+57 7.304151017094152e+57 7.399659334415347e+57 7.486791544981364e+57 7.566925677323776e+57 7.641105346402708e+57 
# binding_energy_list
4.7315125896147737e+55 4.7315125896147737e+55 4.7206304126359e+55 4.7097732639695485e+55 4.645152752227511e+55 4.6025657358135253e+55 4.5708818961487145e+55 4.56036915951295e+55 4.539416166501995e+55 4.528975799036195e+55 4.518559443749235e+55 4.5081670454146377e+55 4.497798548932866e+55 4.4874538993313323e+55 4.4874538993313323e+55 4.47713304176366e+55 4.466835921509617e+55 4.466835921509617e+55 4.456562483975042e+55 4.456562483975042e+55 4.44631267469112e+55 4.44631267469112e+55 4.4360864393143097e+55 4.4360864393143097e+55 4.4360864393143097e+55 4.425883723626274e+55 4.425883723626274e+55 4.425883723626274e+55 4.415704473533157e+55 4.415704473533157e+55 4.415704473533157e+55 4.4055486350655163e+55 4.4055486350655163e+55 4.4055486350655163e+55 4.395416154378252e+55 4.395416154378252e+55 4.395416154378252e+55 4.395416154378252e+55 4.3853069777498876e+55 4.3853069777498876e+55 4.3853069777498876e+55 4.3853069777498876e+55 4.375221051582503e+55 4.375221051582503e+55 4.375221051582503e+55 4.375221051582503e+55 4.3651583224016653e+55 4.3651583224016653e+55 4.3651583224016653e+55 4.3651583224016653e+55 4.3651583224016653e+55 4.355118736855715e+55 4.355118736855715e+55 4.355118736855715e+55 4.355118736855715e+55 4.355118736855715e+55 4.355118736855715e+55 4.3451022417156965e+55 4.3451022417156965e+55 4.3451022417156965e+55 4.3451022417156965e+55 4.3451022417156965e+55 4.3451022417156965e+55 4.3351087838752933e+55 4.3351087838752933e+55 4.3351087838752933e+55 4.3351087838752933e+55 4.3351087838752933e+55 4.3351087838752933e+55 4.3251383103501146e+55 4.3251383103501146e+55 4.3251383103501146e+55 4.3251383103501146e+55 4.3251383103501146e+55 4.3251383103501146e+55 4.3251383103501146e+55 4.3151907682776323e+55 4.3151907682776323e+55 4.3151907682776323e+55 4.3151907682776323e+55 4.3151907682776323e+55 4.3151907682776323e+55 4.3151907682776323e+55 4.3151907682776323e+55 4.30526610491711e+55 4.30526610491711e+55 4.30526610491711e+55 4.30526610491711e+55 4.30526610491711e+55 4.30526610491711e+55 4.30526610491711e+55 4.30526610491711e+55 4.30526610491711e+55 4.295364267648899e+55 4.295364267648899e+55 4.295364267648899e+55 4.295364267648899e+55 4.295364267648899e+55 4.295364267648899e+55 4.295364267648899e+55 4.295364267648899e+55 4.295364267648899e+55 4.2854852039743745e+55 4.2854852039743745e+55 4.2854852039743745e+55 4.2854852039743745e+55 4.2854852039743745e+55 4.2854852039743745e+55 4.2854852039743745e+55 4.2854852039743745e+55 4.2756288615158644e+55 4.255984131337409e+55 4.24619563946313e+55 4.226686142656007e+55 4.2169650342858227e+55 4.2072662838444636e+55 4.1879356511791826e+55 4.178303666466239e+55 4.178303666466239e+55 4.1686938347033293e+55 4.159106104940219e+55 4.159106104940219e+55 4.1495404263436496e+55 4.1495404263436496e+55 4.139996748197279e+55 4.13047501990161e+55 4.120975190973321e+55 4.102041029866064e+55 4.0926065973001265e+55 4.083193863326894e+55 4.073802778041122e+55 4.073802778041122e+55 4.064433291652144e+55 4.0550853544838104e+55 4.04575891697442e+55 
# total_gas_kinetic_energy_list
1.687334859381124e+58 6.512136999951064e+59 1.1559631115471434e+60 2.8155218782835487e+59 8.028026357389345e+58 2.2525594945660816e+58 6.069310698549664e+57 1.5874951055587876e+57 4.13990745293544e+56 1.1515751235251634e+56 4.0078065310151425e+55 2.0584721717794358e+55 1.4833644566574974e+55 1.260156166665784e+55 1.1305088948650532e+55 1.0366942302715614e+55 9.589302678625973e+54 8.920432934991475e+54 8.348543783670677e+54 7.855363223918382e+54 7.403830282937689e+54 7.04937268237426e+54 6.693277102628912e+54 6.397958016727093e+54 6.114530175563592e+54 5.8677185151807857e+54 5.60109933706746e+54 5.405597932745932e+54 5.201665312050541e+54 5.101523011667185e+54 4.7047623773133765e+54 4.9271937883978836e+54 4.3975756039585515e+54 4.944371964047402e+54 4.1509880956374645e+54 5.175719775881033e+54 3.866398946069658e+54 5.815348184471652e+54 3.655464837125613e+54 7.438523815321437e+54 3.436007712311295e+54 1.112131159760248e+55 3.2840854944999805e+54 1.9775859130454202e+55 3.0936873549221945e+54 4.0572723629677867e+55 2.9668399625250433e+54 9.337393690325998e+55 2.83458650031826e+54 2.3481581539524417e+56 2.7188872790700588e+54 6.326460346113921e+56 2.6069464778139455e+54 1.879457057492792e+57 2.4996264668839077e+54 5.656934987451318e+57 2.505832059370136e+54 1.7668266885035946e+58 2.316845618007097e+54 6.171082976000049e+58 2.2258466690341374e+54 2.1689368822926473e+59 2.122269669262489e+54 7.908335777103467e+59 2.1514104750838015e+54 3.0244463055788476e+60 1.9997906784803724e+54 1.214029322297344e+61 1.9823246055641428e+54 5.063846747059937e+61 1.892632072009589e+54 2.144079572078995e+62 1.866442441102593e+54 9.63092462611566e+62 1.790044100741007e+54 4.5513254784822096e+63 1.6671300913107478e+54 2.2089108923490552e+64 1.765359908611405e+54 1.0562109781228178e+65 1.6713556727265508e+54 5.458729875971115e+65 1.6971017184860297e+54 2.9199516017553506e+66 1.6103493063985322e+54 1.6086215640725236e+67 1.6231751753689597e+54 9.124458688009052e+67 1.5290304111601566e+54 5.240705276612794e+68 1.4930787733672634e+54 3.2149789613522948e+69 1.4858899844881706e+54 2.021315823051286e+70 1.4870141778290276e+54 1.2646439566563573e+71 1.4325722338233937e+54 8.312405321838154e+71 1.4061572349597456e+54 5.721044828365822e+72 1.4143667838069322e+54 3.940787906451342e+73 3.94759932991577e+54 1.4229083712317558e+74 6.372658707137919e+54 2.7166273755450785e+74 8.821624574835219e+54 3.5505950882918943e+74 1.9223808944141806e+72 3.533479530365007e+74 8.760735106648006e+73 3.169110663611936e+74 2.754813857538472e+74 3.0339214304124813e+74 3.081236721022456e+74 3.1298457192058735e+74 3.1815312906262974e+74 3.212605254125265e+74 3.2404316565949224e+74 3.242393740680933e+74 3.2524072160772675e+74 3.2663159723026533e+74 3.2777506282064963e+74 3.284231609342693e+74 3.2821847145735224e+74 3.290953055259908e+74 3.2946803912172367e+74 3.307658543977118e+74 3.315099233149238e+74 3.321392638965814e+74 3.326926810202336e+74 3.3317904019692634e+74 3.3358288268079163e+74 3.339674773279319e+74 3.3432093639802327e+74 
