# time_axis
1000000 10000000 20000000 30000000 40000000 50000000 60000000 70000000 80000000 90000000 100000000 110000000 120000000 130000000 140000000 150000000 160000000 170000000 180000000 190000000 200000000 210000000 220000000 230000000 240000000 250000000 260000000 270000000 280000000 290000000 300000000 310000000 320000000 330000000 340000000 350000000 360000000 370000000 380000000 390000000 400000000 410000000 420000000 430000000 440000000 450000000 460000000 470000000 480000000 490000000 500000000 510000000 520000000 530000000 540000000 550000000 560000000 570000000 580000000 590000000 600000000 610000000 620000000 630000000 640000000 650000000 660000000 670000000 680000000 690000000 700000000 710000000 720000000 730000000 740000000 750000000 760000000 770000000 780000000 790000000 800000000 810000000 820000000 830000000 840000000 850000000 860000000 870000000 880000000 890000000 900000000 910000000 920000000 930000000 940000000 950000000 960000000 970000000 980000000 990000000 1000000000 1010000000 1020000000 1030000000 1040000000 1050000000 1060000000 1070000000 1080000000 1100000000 1200000000 1400000000 1600000000 1800000000 2000000000 2300000000 2600000000 2900000000 3000000000 3200000000 3500000000 3800000000 4000000000 4100000000 4500000000 5000000000 6000000000 7000000000 8000000000 9000000000 10000000000 11000000000 12000000000 13000000000 14000000000 
# SNIa_energy_release_list
0 0.0 0.0 0.0 0.0 0.0 1.7546769682326523e+54 2.165690318415606e+55 4.463711604649884e+55 6.604883128207864e+55 8.508185247279336e+55 1.0192037109194106e+56 1.1692583850364708e+56 1.3042964421538263e+56 1.4269711686615706e+56 1.539341410526872e+56 1.6430068144235199e+56 1.7392240410681931e+56 1.828997462081036e+56 1.9131400674001208e+56 1.9923196395488534e+56 2.067091378290578e+56 2.1379214827652253e+56 2.2052062066372785e+56 2.2692849644985804e+56 2.330449123551255e+56 2.3889543436846394e+56 2.4450224214953284e+56 2.498846882779493e+56 2.5506013184251184e+56 2.600442855497406e+56 2.648517475313589e+56 2.694912646548673e+56 2.739768033426285e+56 2.7831799933366364e+56 2.8252373264519433e+56 2.8660206198300497e+56 2.9055968584744965e+56 2.9440599981479766e+56 2.9814513202476817e+56 3.0178327224615984e+56 3.053258744732392e+56 3.0877735359844294e+56 3.1214273847739665e+56 3.154261394509529e+56 3.186314833864899e+56 3.217623347809691e+56 3.248213942734988e+56 3.2781387682361897e+56 3.307412038220381e+56 3.3360596742308574e+56 3.364108239091985e+56 3.3915911384614586e+56 3.4185211891006943e+56 3.44492582119915e+56 3.470820450117905e+56 3.4962264807378975e+56 3.5211333210541824e+56 3.5456429658116497e+56 3.5697021825890646e+56 3.5933486210268776e+56 3.6165754610834122e+56 3.6393906926538964e+56 3.6618356633359596e+56 3.6839175168541694e+56 3.705637193623294e+56 3.727017072961267e+56 3.748064954627578e+56 3.768787199235543e+56 3.7891943293315094e+56 3.809301652526788e+56 3.8291130336812706e+56 3.8486256674367942e+56 3.8678749431865425e+56 3.8868533219613677e+56 3.9055640835770186e+56 3.924020356383698e+56 3.942226962130681e+56 3.960191270553404e+56 3.977917498383877e+56 3.995417471392651e+56 4.012679408076884e+56 4.029741576281867e+56 4.046586244089607e+56 4.063221988249852e+56 4.079653668856673e+56 4.0958888623066e+56 4.111936233863333e+56 4.127784220382308e+56 4.143446518185131e+56 4.158936732136076e+56 4.17423429176233e+56 4.189379606520428e+56 4.20436777984635e+56 4.2191763723005955e+56 4.233824978718905e+56 4.248317045408948e+56 4.262658325208641e+56 4.276840480357654e+56 4.290878291574238e+56 4.304766558293287e+56 4.318511130819348e+56 4.332132796246994e+56 4.345611454734062e+56 4.358956010068098e+56 4.372173501250162e+56 4.385256911847407e+56 4.398211797391781e+56 4.411045811025462e+56 4.436354687960272e+56 4.556221807081087e+56 4.768012283431458e+56 4.950979465611781e+56 5.112047694490131e+56 5.255920269377673e+56 5.446479517560067e+56 5.613395627366967e+56 5.761896165284646e+56 5.808022727044243e+56 5.895646331357281e+56 6.0173016270990165e+56 6.128899402345265e+56 6.198467881644438e+56 6.231947172796631e+56 6.358137874560105e+56 6.500870058861547e+56 6.747709490449635e+56 6.956259466322968e+56 7.136806939181576e+56 7.2960579041750115e+56 7.438365883992132e+56 7.567135150860135e+56 7.684661554884538e+56 7.792754105768535e+56 7.892815985848208e+56 
# SNII_energy_release_list
0 0.0 2.2634332387640814e+54 2.843857734966589e+55 6.369803709216122e+55 9.684045043075229e+55 1.2369264467043596e+56 1.3295803424902697e+56 1.3593190525499203e+56 1.368832070275235e+56 1.3718831809030383e+56 1.372896320031259e+56 1.3732363099835962e+56 1.373388012188859e+56 1.3734451369752587e+56 1.3734738377285143e+56 1.3734936130622715e+56 1.3735099080991823e+56 1.3735245399126135e+56 1.3735381553663255e+56 1.3735510169843934e+56 1.373563252547758e+56 1.3735749416524065e+56 1.373586137780133e+56 1.3735968877065718e+56 1.3736072341234386e+56 1.3736172141446102e+56 1.3736268565009173e+56 1.3736361873174677e+56 1.3736452314036342e+56 1.373654009265924e+56 1.3736625409308334e+56 1.373670842591723e+56 1.3736789285575092e+56 1.3736868138768114e+56 1.3736945149460803e+56 1.3737020400008525e+56 1.3737093935939216e+56 1.3737165886959218e+56 1.3737236376391717e+56 1.3737305419022804e+56 1.3737373167855618e+56 1.3737439638361614e+56 1.3737504867854161e+56 1.3737568976275788e+56 1.3737631952769934e+56 1.3737693897840272e+56 1.3737754826751202e+56 1.3737814778958221e+56 1.3737873822531576e+56 1.3737931932179188e+56 1.3737989223906924e+56 1.3738045639387817e+56 1.3738101262958165e+56 1.3738156098151779e+56 1.3738210077503985e+56 1.3738263391778612e+56 1.3738315878111163e+56 1.3738367561762082e+56 1.3738418658222071e+56 1.37384689592204e+56 1.373851852658934e+56 1.3738567549435779e+56 1.373861589349545e+56 1.37386635609593e+56 1.3738710686296504e+56 1.3738757326461887e+56 1.3738803332895825e+56 1.3738848735815803e+56 1.3738893660750335e+56 1.373893811402945e+56 1.3738982003089897e+56 1.3739025342241712e+56 1.373906823463544e+56 1.3739110779840395e+56 1.3739152182651067e+56 1.3739194175989444e+56 1.3739235218047294e+56 1.3739276404580075e+56 1.373931605789424e+56 1.3739356470457802e+56 1.3739395267651716e+56 1.3739434845893325e+56 1.373947303797712e+56 1.3739512152149548e+56 1.373954968514548e+56 1.3739587772497537e+56 1.3739624260549182e+56 1.373966157577603e+56 1.3739697751140074e+56 1.3739734737049485e+56 1.3739770174092559e+56 1.373980611958147e+56 1.3739840553810879e+56 1.3739875871477331e+56 1.3739910182751118e+56 1.3739945354735e+56 1.3739979085881982e+56 1.3740013274392697e+56 1.3740045980470372e+56 1.3740079436431724e+56 1.374011189807683e+56 1.3740135527505619e+56 1.3740149448585522e+56 1.3740156182889295e+56 1.3740156182889295e+56 1.3740156182889295e+56 1.3740156182889295e+56 1.3740156182889295e+56 1.3740156182889295e+56 1.3740156182889295e+56 1.3740156182889295e+56 1.3740156182889295e+56 1.3740156182889295e+56 1.3740156182889295e+56 1.3740156182889295e+56 1.3740156182889295e+56 1.3740156182889295e+56 1.3740156182889295e+56 1.3740156182889295e+56 1.3740156182889295e+56 1.3740156182889295e+56 1.3740156182889295e+56 1.3740156182889295e+56 1.3740156182889295e+56 1.3740156182889295e+56 1.3740156182889295e+56 1.3740156182889295e+56 1.3740156182889295e+56 1.3740156182889295e+56 1.3740156182889295e+56 1.3740156182889295e+56 1.3740156182889295e+56 1.3740156182889295e+56 1.3740156182889295e+56 
# SN_energy_per_current_crossing_time_list
0.0 0.0 3.5869093603773756e+54 3.7497901687529194e+55 5.001212872448811e+55 4.736865786245832e+55 3.8871168824913903e+55 1.4597687459532722e+55 5.640043434571855e+54 2.5988499651696464e+54 1.519479148775382e+54 1.0993771498625547e+54 9.001372706919415e+53 7.907252239986204e+53 7.093689539859656e+53 6.489727397062449e+53 6.000912436978123e+53 5.5877980232546805e+53 5.2314812845293125e+53 4.919961111500466e+53 4.644921722920299e+53 4.400102662310627e+53 4.180704558993878e+53 3.982932380155275e+53 3.803724776223663e+53 3.6404489665731535e+53 3.491215500776934e+53 3.3541741757723233e+53 3.2277765624368642e+53 3.1109526795640885e+53 3.0028199079844656e+53 2.902807704628586e+53 2.807478049867319e+53 2.7200429608151593e+53 2.6379303057355434e+53 2.5607411591963267e+53 2.4880475292251286e+53 2.419051389629018e+53 2.3554056508402753e+53 2.2939946114758543e+53 2.236040991683048e+53 2.1811702934067845e+53 2.128748737865512e+53 2.0791619252062408e+53 2.0319050646232003e+53 1.986838183479817e+53 1.9437913212704376e+53 1.902227044622102e+53 1.8637074067014062e+53 1.8259378716825014e+53 1.7895813271643006e+53 1.7547707428114563e+53 1.7218737760079202e+53 1.6896500743606674e+53 1.6590433824466095e+53 1.6292267736924288e+53 1.6006774739037667e+53 1.5713585224993712e+53 1.5482971715264387e+53 1.5218417777776131e+53 1.497655307280758e+53 1.47293509798142e+53 1.4486533233303626e+53 1.4269007054173458e+53 1.4055363490408127e+53 1.3841398933784006e+53 1.3641089844125714e+53 1.344504842573935e+53 1.3252435665631862e+53 1.3065772679542514e+53 1.2888366509174482e+53 1.2712919043276319e+53 1.2535238743590252e+53 1.2379395148150876e+53 1.2218426509265196e+53 1.20578807694901e+53 1.1908363857541568e+53 1.1758728311128245e+53 1.161507123589541e+53 1.1470904940806826e+53 1.1338015312928303e+53 1.1193209222388507e+53 1.1076659579070949e+53 1.0944336101438762e+53 1.0821198640535487e+53 1.0696678819063558e+53 1.0580569496193567e+53 1.0466147524815806e+53 1.0347735468281493e+53 1.0234411871469968e+53 1.013309197159592e+53 1.00141402666698e+53 9.92491086016171e+52 9.828836955745776e+52 9.721781465467327e+52 9.623800768225582e+52 9.531113268262658e+52 9.438030013129176e+52 9.342685737808972e+52 9.253512697885573e+52 9.164695156183127e+52 9.076147560396253e+52 8.987194863284011e+52 8.883323209409856e+52 8.789582527238458e+52 8.7011508393722e+52 8.619814760012225e+52 8.542043080998414e+52 8.469103450940858e+52 8.363180694054718e+52 7.980491564382866e+52 7.145255378990689e+52 6.246109564857296e+52 5.557298433545976e+52 5.011666217088545e+52 4.4820861656285053e+52 3.9708327426818045e+52 3.568842951053847e+52 3.336603837495195e+52 3.1879999488719187e+52 2.975949653557774e+52 2.750568391375926e+52 2.584124363041771e+52 2.492495816858604e+52 2.3689289868205374e+52 2.1631650221150323e+52 1.9003211243497728e+52 1.6264411465396938e+52 1.4242099914979682e+52 1.269572254688092e+52 1.1460451533604251e+52 1.0460810321878524e+52 9.630938696585975e+51 8.929200025567296e+51 8.326558009220955e+51 
# SN_energy_per_final_crossing_time_list
0.0 0.0 5.022654154292485e+54 5.808375261804152e+55 7.824223348882772e+55 7.354441791676084e+55 5.97321693514087e+55 2.2216437209728065e+55 8.511423064081132e+54 3.8927352337310256e+54 2.2608698458891837e+54 1.6260218163891178e+54 1.3241114823018473e+54 1.1573702267483014e+54 1.0335027701337533e+54 9.414475285714002e+53 8.67030425674783e+53 8.042788059799688e+53 7.502881893087295e+53 7.0320633599955705e+53 6.617396292035502e+53 6.249213216883096e+53 5.920001104455566e+53 5.62388155736094e+53 5.3561098828030375e+53 5.112678798720808e+53 4.890604576211629e+53 4.6870507099522535e+53 4.499658888879191e+53 4.326767328136051e+53 4.166996457498896e+53 4.019417728557214e+53 3.879153559311641e+53 3.7505431730356086e+53 3.6299844725501255e+53 3.516851581749509e+53 3.4104429444091134e+53 3.309618505835531e+53 3.2166412926678453e+53 3.127126639223422e+53 3.04276602647752e+53 2.9629778573197173e+53 2.886866933779459e+53 2.8149490065368643e+53 2.7464780776706084e+53 2.6812724465280507e+53 2.6190552811844736e+53 2.55908881525747e+53 2.5034706856474945e+53 2.4490504584177784e+53 2.3967816563312702e+53 2.3467489976187275e+53 2.2994832172145508e+53 2.253302686495559e+53 2.2094055181209033e+53 2.1667761542461183e+53 2.1259703093029828e+53 2.0842469200164814e+53 2.0510165357176534e+53 2.01340428238072e+53 1.978878793345004e+53 1.9437995016119724e+53 1.909427045334093e+53 1.878465497840505e+53 1.8480988950484914e+53 1.8178403872878824e+53 1.7894567925574694e+53 1.7616892816866775e+53 1.7344577688319074e+53 1.7081297353749067e+53 1.6830769154808372e+53 1.658325166195847e+53 1.633343147049971e+53 1.6113289134973274e+53 1.5887094263584853e+53 1.56618640662595e+53 1.5451403932952986e+53 1.5241534836572942e+53 1.5040229925977855e+53 1.4838711057454494e+53 1.465211997949186e+53 1.4450455651333557e+53 1.4285953312806524e+53 1.4101886399841197e+53 1.3930078647432787e+53 1.3756760326684001e+53 1.3594485472429584e+53 1.3434642283219859e+53 1.3270561380929626e+53 1.3113512807051737e+53 1.2972113435050024e+53 1.2808360897437306e+53 1.2682799983010818e+53 1.2548682625894076e+53 1.2401206427026026e+53 1.2265842279734723e+53 1.213748912596418e+53 1.2008815913555795e+53 1.1877416697549445e+53 1.1754012630164639e+53 1.1631234565266414e+53 1.1509454324464328e+53 1.1387579242643338e+53 1.1247034085429695e+53 1.1119493610371715e+53 1.0998814631116002e+53 1.0887240696431038e+53 1.0780289746920283e+53 1.0679707289814607e+53 1.053027545445855e+53 9.974632896792897e+52 8.811975578151207e+52 7.612723521660114e+52 6.701572817391713e+52 5.986112492505922e+52 5.285737961752294e+52 4.629923902669032e+52 4.119112234641033e+52 3.8383797301358277e+52 3.645759122798283e+52 3.3744781273211894e+52 3.0955023316506744e+52 2.8945387496050545e+52 2.7859486516171817e+52 2.6252110134780815e+52 2.3754656846792534e+52 2.0540517971927727e+52 1.7354295867200166e+52 1.5024093140948084e+52 1.3251923679492305e+52 1.1842028634469525e+52 1.0715416995237886e+52 9.77985242677074e+51 8.994822949395134e+51 8.326558009220955e+51 
# total_energy_release_list
0 0 2.2634332387640814e+54 2.843857734966589e+55 6.369803709216122e+55 9.684045043075229e+55 1.2544732163866862e+56 1.5461493743318303e+56 1.8056902130149087e+56 2.0293203830960213e+56 2.222701705630972e+56 2.3921000309506696e+56 2.542494695020067e+56 2.6776844543426854e+56 2.800416305636829e+56 2.9128152482553865e+56 3.0165004274857914e+56 3.1127339491673755e+56 3.2025220019936495e+56 3.2866782227664463e+56 3.3658706565332465e+56 3.4406546308383356e+56 3.5114964244176316e+56 3.5787923444174116e+56 3.642881852205152e+56 3.704056357674694e+56 3.7625715578292494e+56 3.818649277996246e+56 3.8724830700969606e+56 3.924246549828752e+56 3.97409686476333e+56 4.022180016244422e+56 4.0685834891403965e+56 4.113446961983794e+56 4.156866807213448e+56 4.198931841398024e+56 4.239722659830902e+56 4.279306252068418e+56 4.317776586843898e+56 4.355174957886854e+56 4.391563264363879e+56 4.4269960615179535e+56 4.4615174998205906e+56 4.495177871559383e+56 4.528018292137108e+56 4.5600780291418924e+56 4.591392737593718e+56 4.621989425410108e+56 4.651920246132012e+56 4.681199420473538e+56 4.7098528674487764e+56 4.737907161482677e+56 4.7653957024002405e+56 4.792331315396511e+56 4.818741431014328e+56 4.844641457868303e+56 4.870052819915759e+56 4.894964908865299e+56 4.919479721987858e+56 4.943544048411272e+56 4.967195516948918e+56 4.990427313742347e+56 5.0132474475974745e+56 5.035697252685505e+56 5.057783872950099e+56 5.079508262252944e+56 5.100892805607455e+56 5.121945287917161e+56 5.142672072817123e+56 5.163083695406543e+56 5.183195463929733e+56 5.2030112339902605e+56 5.222528201660965e+56 5.2417817666500865e+56 5.260764399945407e+56 5.2794793018421255e+56 5.297939773982642e+56 5.316150483935411e+56 5.334118911011411e+56 5.351849104173301e+56 5.369353118438432e+56 5.386618934842056e+56 5.4036850608712e+56 5.420533547887319e+56 5.437173203464807e+56 5.453608637371221e+56 5.4698476395563535e+56 5.485898659918251e+56 5.501750377959911e+56 5.517416293299138e+56 5.532910205841024e+56 5.548211309171586e+56 5.563360218478575e+56 5.578351835227438e+56 5.593163959448329e+56 5.607815996994017e+56 5.622311580882448e+56 5.63665623379684e+56 5.650841807796924e+56 5.6648828896212755e+56 5.678774501936459e+56 5.6925223206270306e+56 5.706146348997556e+56 5.719626399592614e+56 5.732971628357027e+56 5.746189119539091e+56 5.759272530136336e+56 5.772227415680711e+56 5.785061429314392e+56 5.810370306249201e+56 5.9302374253700165e+56 6.142027901720387e+56 6.32499508390071e+56 6.48606331277906e+56 6.629935887666602e+56 6.820495135848996e+56 6.987411245655896e+56 7.135911783573575e+56 7.182038345333172e+56 7.26966194964621e+56 7.391317245387946e+56 7.502915020634194e+56 7.572483499933367e+56 7.60596279108556e+56 7.7321534928490346e+56 7.874885677150477e+56 8.121725108738565e+56 8.330275084611899e+56 8.510822557470505e+56 8.67007352246394e+56 8.812381502281062e+56 8.941150769149065e+56 9.058677173173468e+56 9.166769724057465e+56 9.266831604137138e+56 
# binding_energy_list
3.630780547701032e+54 3.630780547701032e+54 3.630780547701032e+54 3.622429984166965e+54 3.6140986263961315e+54 3.6057864302164424e+54 3.597493351557402e+54 3.5892193464500495e+54 3.580964371026377e+54 3.5727283815192664e+54 3.564511334262439e+54 3.564511334262439e+54 3.556313185689869e+54 3.548133892335731e+54 3.548133892335731e+54 3.5399734108343426e+54 3.5399734108343426e+54 3.531831697919584e+54 3.531831697919584e+54 3.5237087104248475e+54 3.5237087104248475e+54 3.515604405282976e+54 3.515604405282976e+54 3.515604405282976e+54 3.507518739525694e+54 3.507518739525694e+54 3.499451670283548e+54 3.499451670283548e+54 3.499451670283548e+54 3.491403154785855e+54 3.491403154785855e+54 3.491403154785855e+54 3.4833731503601304e+54 3.4833731503601304e+54 3.4833731503601304e+54 3.4753616144320326e+54 3.4753616144320326e+54 3.4753616144320326e+54 3.4753616144320326e+54 3.46736850452531e+54 3.46736850452531e+54 3.46736850452531e+54 3.459393778261231e+54 3.459393778261231e+54 3.459393778261231e+54 3.459393778261231e+54 3.451437393358536e+54 3.451437393358536e+54 3.451437393358536e+54 3.451437393358536e+54 3.4434993076333775e+54 3.4434993076333775e+54 3.4434993076333775e+54 3.4434993076333775e+54 3.435579478998757e+54 3.435579478998757e+54 3.435579478998757e+54 3.435579478998757e+54 3.435579478998757e+54 3.4276778654644764e+54 3.4276778654644764e+54 3.4276778654644764e+54 3.4276778654644764e+54 3.41979442513708e+54 3.41979442513708e+54 3.41979442513708e+54 3.41979442513708e+54 3.41979442513708e+54 3.411929116219295e+54 3.411929116219295e+54 3.411929116219295e+54 3.411929116219295e+54 3.411929116219295e+54 3.411929116219295e+54 3.404081897009981e+54 3.404081897009981e+54 3.404081897009981e+54 3.404081897009981e+54 3.404081897009981e+54 3.396252725904075e+54 3.396252725904075e+54 3.396252725904075e+54 3.396252725904075e+54 3.396252725904075e+54 3.396252725904075e+54 3.3884415613920346e+54 3.3884415613920346e+54 3.3884415613920346e+54 3.3884415613920346e+54 3.3884415613920346e+54 3.3884415613920346e+54 3.380648362059843e+54 3.380648362059843e+54 3.380648362059843e+54 3.380648362059843e+54 3.380648362059843e+54 3.380648362059843e+54 3.372873086588679e+54 3.372873086588679e+54 3.372873086588679e+54 3.372873086588679e+54 3.372873086588679e+54 3.372873086588679e+54 3.372873086588679e+54 3.365115693754915e+54 3.365115693754915e+54 3.365115693754915e+54 3.365115693754915e+54 3.365115693754915e+54 3.365115693754915e+54 3.3496543915782655e+54 3.334264127632374e+54 3.3189445755261096e+54 3.303695410368136e+54 3.288516308759853e+54 3.26587832172338e+54 3.250872973854347e+54 3.235936569296268e+54 3.235936569296268e+54 3.228494121712638e+54 3.2136605386403015e+54 3.2062693245054675e+54 3.198895109691417e+54 3.191537855100745e+54 3.1841975217261257e+54 3.1695674630434736e+54 3.147748314101298e+54 3.1332857243156014e+54 3.118889584093935e+54 3.1045595881283365e+54 3.090295432513605e+54 3.0831879502493346e+54 3.0690219883911704e+54 3.054921113215509e+54 3.0478949896279954e+54 
# total_gas_kinetic_energy_list
2.0671965408031525e+58 2.1730441059356744e+59 7.857508680006268e+58 2.52594737904892e+58 8.089459348332097e+57 2.593573612489739e+57 8.34172951188569e+56 2.70723649869037e+56 9.019824014351973e+55 3.2325963769379024e+55 1.3647329615195552e+55 7.478145337584081e+54 5.3191808193778545e+54 4.4632859027071126e+54 4.0447440244201775e+54 3.780273710978234e+54 3.5779758868632295e+54 3.407465035475401e+54 3.2586002533725336e+54 3.1251076140467076e+54 3.0076660568529907e+54 2.8973065326111084e+54 2.8007632268199178e+54 2.71297489791273e+54 2.6320209510900904e+54 2.5501856833524334e+54 2.4763841059859092e+54 2.4087791479943782e+54 2.3449166114515623e+54 2.2842568056066088e+54 2.2271041507969386e+54 2.174049286552686e+54 2.1255459039719017e+54 2.0807312422127296e+54 2.0287276167433773e+54 1.9751610048194462e+54 1.931716380968598e+54 1.8912142122263255e+54 1.8416148076073427e+54 1.8066932649514995e+54 1.7649641640024308e+54 1.728991739236926e+54 1.6963064083053282e+54 1.659959426557517e+54 1.6320819232002878e+54 1.5991091018851663e+54 1.5715028396572394e+54 1.5446897101818105e+54 1.5145252402914998e+54 1.4968469063482963e+54 1.462080272686503e+54 1.4446979085417979e+54 1.4184255806964055e+54 1.3922593045054726e+54 1.3824721635532156e+54 1.3479909874342716e+54 1.32769495878737e+54 1.3213736280066454e+54 1.2878974979797655e+54 1.267557853425136e+54 1.263152728907339e+54 1.2376797042890083e+54 1.2148801532668997e+54 1.2055904291675788e+54 1.2006339188055256e+54 1.1668869075324648e+54 1.155522740570954e+54 1.1497899372310115e+54 1.1480507038289847e+54 1.1104328611335057e+54 1.1133812049073986e+54 1.092075371526118e+54 1.1235422980501785e+54 1.0512817183588865e+54 1.098090045203885e+54 1.0338184188174979e+54 1.1170637677052653e+54 1.0195620184157983e+54 1.1186836798200779e+54 9.948659272858635e+53 1.1531929579272227e+54 9.961031447692e+53 1.1964452682311227e+54 9.561798810337886e+53 1.2344046084203104e+54 9.434723333308048e+53 1.3544989815968679e+54 9.522610566323246e+53 1.4904378684484389e+54 9.036584301527324e+53 1.7101603071389923e+54 8.985711976556475e+53 2.108424351132503e+54 9.080167737732896e+53 2.6704054988956475e+54 8.638641006736328e+53 3.5614905903126714e+54 8.53267332370886e+53 5.149847552497146e+54 8.62696829421409e+53 7.700023085261074e+54 1.4291119814370714e+54 1.2817957194116678e+55 5.7997366711774056e+54 1.213725897286066e+55 1.0398604947198441e+55 1.2460139829749027e+55 1.2865467681883527e+55 1.37934158124148e+55 1.4993849588208655e+55 2.0495944100463675e+55 3.0821404009556186e+55 3.97527470835989e+55 4.7629221660803646e+55 5.469328941047471e+55 6.402222088837748e+55 7.232395170042638e+55 7.972418587462676e+55 8.214543407123855e+55 8.643416714281271e+55 9.2535377759903e+55 9.788559449255835e+55 1.0119632951966102e+56 1.0269094814015229e+56 1.086067109910635e+56 1.14781665875243e+56 1.2521038763408063e+56 1.3355535533996044e+56 1.4098757876342385e+56 1.4794005357204493e+56 1.5465079005793473e+56 1.6045092267629258e+56 1.6626800201856444e+56 1.7168593609342197e+56 1.7663675144038662e+56 
