# time_axis
1000000 10000000 20000000 30000000 40000000 50000000 60000000 70000000 80000000 90000000 100000000 110000000 120000000 130000000 140000000 150000000 200000000 300000000 400000000 500000000 600000000 700000000 800000000 900000000 1000000000 1010000000 1020000000 1030000000 1040000000 1050000000 1060000000 1070000000 1080000000 1100000000 1200000000 1400000000 1600000000 1800000000 2000000000 2300000000 2600000000 2900000000 3000000000 3200000000 3500000000 3800000000 4000000000 4100000000 4500000000 5000000000 6000000000 7000000000 8000000000 9000000000 10000000000 11000000000 12000000000 13000000000 14000000000 
# SNIa_energy_release_list
0 0.0 0.0 0.0 0.0 0.0 1.069260339558793e+53 6.989889361708748e+54 2.661601072224031e+55 5.187156699747013e+55 7.774784978312832e+55 1.019445009597538e+56 1.2381372544527756e+56 1.4342350740063768e+56 1.610673582436575e+56 1.7705814436660852e+56 2.399965035722892e+56 3.2177918548241164e+56 3.7678002622038166e+56 4.182972840260416e+56 4.516611573428674e+56 4.7955660399828336e+56 5.035263618262703e+56 5.245403871008749e+56 5.43249244091352e+56 5.450114246605806e+56 5.467558734376077e+56 5.484833523408364e+56 5.501933722129952e+56 5.518864826239795e+56 5.5356299729388505e+56 5.552228685513288e+56 5.568666152067829e+56 5.601076150311734e+56 5.754507179845542e+56 6.02531353563876e+56 6.258983008662842e+56 6.464476315421697e+56 6.647883931366828e+56 6.890638600450044e+56 7.103128228106385e+56 7.292069699810406e+56 7.350690745195217e+56 7.462164505694607e+56 7.616834617246363e+56 7.758665438866784e+56 7.847067576875582e+56 7.8896053783891e+56 8.049902502283224e+56 8.231172956511883e+56 8.54457415948541e+56 8.809225626612329e+56 9.038315618460518e+56 9.240295855617183e+56 9.420797223803375e+56 9.58414873131139e+56 9.733180879771004e+56 9.870239589487792e+56 9.997109558987793e+56 
# SNII_energy_release_list
0 0.0 1.8530963347900934e+53 2.513786026766367e+55 9.097458174921742e+55 1.507370875368677e+56 1.9846329710284375e+56 2.3120829448308595e+56 2.4853885830283215e+56 2.566609536585856e+56 2.601248974147253e+56 2.6149841532462472e+56 2.6201310432608886e+56 2.621985216463958e+56 2.6226400708124754e+56 2.6228671913534805e+56 2.6230015179312693e+56 2.6230015179312693e+56 2.6230015179312693e+56 2.6230015179312693e+56 2.6230015179312693e+56 2.6230015179312693e+56 2.6230015179312693e+56 2.6230015179312693e+56 2.6230015179312693e+56 2.6230015179312693e+56 2.6230015179312693e+56 2.6230015179312693e+56 2.6230015179312693e+56 2.6230015179312693e+56 2.6230015179312693e+56 2.6230015179312693e+56 2.6230015179312693e+56 2.6230015179312693e+56 2.6230015179312693e+56 2.6230015179312693e+56 2.6230015179312693e+56 2.6230015179312693e+56 2.6230015179312693e+56 2.6230015179312693e+56 2.6230015179312693e+56 2.6230015179312693e+56 2.6230015179312693e+56 2.6230015179312693e+56 2.6230015179312693e+56 2.6230015179312693e+56 2.6230015179312693e+56 2.6230015179312693e+56 2.6230015179312693e+56 2.6230015179312693e+56 2.6230015179312693e+56 2.6230015179312693e+56 2.6230015179312693e+56 2.6230015179312693e+56 2.6230015179312693e+56 2.6230015179312693e+56 2.6230015179312693e+56 2.6230015179312693e+56 2.6230015179312693e+56 
# SN_energy_per_current_crossing_time_list
0.0 0.0 4.321652351234822e+53 3.642932660494564e+55 9.162780061816815e+55 8.228653160731254e+55 6.58874169905786e+55 4.590123391481038e+55 2.5359122231221984e+55 1.2850092678745616e+55 6.338877902329102e+54 3.287096248145169e+54 1.93767676006288e+54 1.345370206734852e+54 1.068673417232196e+54 9.19694298800807e+53 7.169246471843943e+53 4.767218334908155e+53 3.2713402151356383e+53 2.5085122965879723e+53 2.0423485854474773e+53 1.726774050953177e+53 1.4983182405396718e+53 1.3250447237760324e+53 1.189031460698909e+53 1.1207947711515627e+53 1.1103345680706069e+53 1.1003330946125786e+53 1.0900074049920904e+53 1.0800076782333768e+53 1.0702105765704424e+53 1.0603232792270139e+53 1.050777191703273e+53 1.0373604957025327e+53 9.887406904867355e+52 8.830435767831025e+52 7.698939714806889e+52 6.834094878173884e+52 6.150884170282334e+52 5.487697225059148e+52 4.850161871526569e+52 4.350041603039262e+52 4.060083257257353e+52 3.8798823760642405e+52 3.614061639047068e+52 3.334768577899489e+52 3.1298580478270663e+52 3.017325448909233e+52 2.8624446477082307e+52 2.608599919990732e+52 2.283718878125969e+52 1.948097494845733e+52 1.7015453089349767e+52 1.5126421459092632e+52 1.3622833740951635e+52 1.241647202859688e+52 1.1402105059048628e+52 1.0552776236405637e+52 9.823848400678437e+51 
# SN_energy_per_final_crossing_time_list
0.0 0.0 3.8263927571568388e+53 5.152363491671824e+55 1.3594390615450912e+56 1.2340147406384648e+56 9.85564333427158e+55 6.814694572347937e+55 3.730496326764917e+55 1.8726624785256796e+55 9.156237465850717e+54 4.709733500507139e+54 2.7561499384062107e+54 1.90129445078246e+54 1.5014245652853402e+54 1.2851025347041804e+54 9.802411803281943e+53 6.33263074037381e+53 4.2588480429933495e+53 3.214781624856508e+53 2.5834453560261452e+53 2.160011861688288e+53 1.8560362868466627e+53 1.627166770823177e+53 1.4486720186720584e+53 1.3644990090995523e+53 1.350768853795966e+53 1.3376286703283188e+53 1.324109720562262e+53 1.3110163160495728e+53 1.2981658325901181e+53 1.2852784360267645e+53 1.27279276695231e+53 1.25479225174075e+53 1.1880535480858825e+53 1.0484595352775297e+53 9.046796053872607e+52 7.955921724065753e+52 7.100847512124934e+52 6.265693599594046e+52 5.484528495433548e+52 4.876731617252254e+52 4.539169239334475e+52 4.3158413614956907e+52 3.9921601988471e+52 3.660767780938527e+52 3.4225956131184355e+52 3.2938047909515126e+52 3.103048440869847e+52 2.8072418853455464e+52 2.4267412680368474e+52 2.0492602798900824e+52 1.7738991811055192e+52 1.563981797725779e+52 1.39766572354721e+52 1.264870206957134e+52 1.1539919486578834e+52 1.0612787183261783e+52 9.823848400678437e+51 
# total_energy_release_list
0 0 1.8530963347900934e+53 2.513786026766367e+55 9.097458174921742e+55 1.507370875368677e+56 1.9857022313679963e+56 2.381981838447947e+56 2.7515486902507245e+56 3.0853252065605575e+56 3.3787274719785364e+56 3.6344291628437855e+56 3.858268297713664e+56 4.0562202904703345e+56 4.23331365324905e+56 4.3934486350195655e+56 5.022966553654162e+56 5.840793372755386e+56 6.3908017801350855e+56 6.805974358191685e+56 7.1396130913599425e+56 7.418567557914103e+56 7.658265136193972e+56 7.868405388940018e+56 8.055493958844789e+56 8.073115764537076e+56 8.090560252307346e+56 8.107835041339634e+56 8.124935240061222e+56 8.141866344171064e+56 8.15863149087012e+56 8.175230203444558e+56 8.191667669999099e+56 8.224077668243004e+56 8.377508697776811e+56 8.64831505357003e+56 8.881984526594111e+56 9.087477833352966e+56 9.270885449298097e+56 9.513640118381313e+56 9.726129746037655e+56 9.915071217741675e+56 9.973692263126486e+56 1.0085166023625876e+57 1.0239836135177632e+57 1.0381666956798054e+57 1.0470069094806851e+57 1.051260689632037e+57 1.0672904020214494e+57 1.0854174474443152e+57 1.1167575677416679e+57 1.1432227144543599e+57 1.1661317136391788e+57 1.1863297373548453e+57 1.2043798741734645e+57 1.220715024924266e+57 1.2356182397702273e+57 1.2493241107419062e+57 1.2620111076919062e+57 
# binding_energy_list
3.3419504002611496e+54 3.3419504002611496e+54 3.3419504002611496e+54 3.334264127632374e+54 3.3189445755261096e+54 3.303695410368136e+54 3.288516308759853e+54 3.280952931131177e+54 3.273406948788386e+54 3.26587832172338e+54 3.258367010020074e+54 3.250872973854347e+54 3.243396173493513e+54 3.235936569296268e+54 3.228494121712638e+54 3.228494121712638e+54 3.2062693245054675e+54 3.1768740706497886e+54 3.147748314101298e+54 3.1332857243156014e+54 3.118889584093935e+54 3.1045595881283365e+54 3.090295432513605e+54 3.076096814740705e+54 3.0690219883911704e+54 3.0690219883911704e+54 3.0690219883911704e+54 3.0690219883911704e+54 3.0690219883911704e+54 3.061963433690657e+54 3.061963433690657e+54 3.061963433690657e+54 3.061963433690657e+54 3.061963433690657e+54 3.054921113215509e+54 3.0338911841942658e+54 3.0199517204019945e+54 3.0130060241861157e+54 2.9991625189876288e+54 2.9853826189179692e+54 2.971666031738019e+54 2.9648313895243513e+54 2.9580124665515223e+54 2.951209226666378e+54 2.9444216337987694e+54 2.9376496519615545e+54 2.9308932452503125e+54 2.9308932452503125e+54 2.9174270140011897e+54 2.9107171180665963e+54 2.897343587701345e+54 2.8840315031266116e+54 2.8707805820246804e+54 2.8641779699065856e+54 2.851018267503898e+54 2.84446110744792e+54 2.8379190284415756e+54 2.831391995799367e+54 2.8248799749157104e+54 
# total_gas_kinetic_energy_list
1.781929690586744e+57 7.635391812197663e+58 1.523672304718278e+59 9.39919225880707e+58 5.00528469120264e+58 2.4188256653512637e+58 1.0946513905868227e+58 4.731312950304429e+57 1.9789497307532473e+57 8.090074217413115e+56 3.2630677984867712e+56 1.3146372140050868e+56 5.402570743926882e+55 2.3540703601674836e+55 1.1547658232530908e+55 6.776885416186535e+54 1.6975408989293514e+55 3.164447377615382e+55 4.2430937027519276e+55 5.090707458890706e+55 5.79103080806786e+55 6.392121699739549e+55 6.923847268436305e+55 7.407865757788131e+55 7.847498158771611e+55 7.88980046264096e+55 7.931086388195208e+55 7.972106692231054e+55 8.013080674567839e+55 8.054269089912829e+55 8.09769567741173e+55 8.136009690959542e+55 8.176810569339852e+55 8.255443908156025e+55 8.635801925637958e+55 9.320808999810212e+55 9.923449574189622e+55 1.0471582184078037e+56 1.0965576279380854e+56 1.1616455844627202e+56 1.2185523429270377e+56 1.2690426351404772e+56 1.2852416466194093e+56 1.315060868280161e+56 1.3554211100832906e+56 1.391671989981492e+56 1.4136863464215848e+56 1.4236013425107751e+56 1.4627767299534057e+56 1.5032426601309414e+56 1.5715888572237973e+56 1.6249637893489535e+56 1.6730500875488126e+56 1.717808291753435e+56 1.7600445400581593e+56 1.8001706233001303e+56 1.8350114310985595e+56 1.8707020901684465e+56 1.9024299884115783e+56 
